1
5
6
4 13508
4 1724
2 3912
4 13048
2 14249
3 8993
4 4808
2 713
3 18058
4 2732
2 14979
4 146
4 1304
3 5767
4 15137
3 6377
3 15890
2 8147
3 14406
4 17176
4 10327
3 5069
2 8181
2 2663
4 9158
4 2876
2 2456
2 5373
4 13965
2 8107
4 17013
3 13767
4 10889
3 16004
2 13070
3 14826
2 3905
2 12919
3 5103
4 1011
3 18391
2 11106
4 18869
3 14412
4 3478
3 871
3 340
2 16871
2 11386
2 14408
3 8624
2 9771
3 7412
4 4482
2 146
4 10396
3 9453
4 2700
4 703
2 8209
4 4569
2 9657
2 4348
3 4265
4 1395
3 2657
3 5413
3 7825
3 10393
4 3107
3 17330
2 448
3 13395
2 4422
4 11166
4 8675
3 7732
2 10675
3 2394
3 15547
3 19193
3 11109
4 19052
4 8544
3 10867
3 16629
3 7879
4 17809
4 12954
3 18787
4 16224
2 4821
2 2675
2 10523
4 10458
4 9708
2 17983
3 11208
3 1794
3 3117
3 15215
3 4461
2 17045
4 372
3 18452
3 10640
4 6820
3 4120
4 3378
4 12767
3 16655
2 2505
2 4641
2 9270
3 214
3 13914
4 10868
2 16566
3 1124
4 5929
4 14999
3 14356
2 5894
3 10512
3 1843
3 3012
4 3089
3 14507
2 2461
2 11954
4 12990
4 618
2 933
2 8574
4 4531
2 10077
2 1453
2 5428
3 1744
2 15920
3 18616
3 15046
4 1679
4 2078
2 10850
4 2689
4 9758
3 16777
2 1040
2 9174
2 11452
3 14929
3 9
3 9363
2 3094
4 16504
3 13049
2 5611
3 6249
2 5564
3 5544
2 5453
4 19010
3 7965
3 12178
3 7572
3 10427
2 19158
3 17712
4 13322
3 3533
4 9453
3 19036
4 14337
4 10735
3 7541
3 11812
3 11555
3 1493
4 3889
4 40
4 161
4 9219
4 13877
2 16284
2 19170
3 15221
4 5266
4 6070
4 10286
4 17537
4 13550
3 12480
4 10469
4 4923
2 864
4 10590
3 12900
3 10573
3 3205
2 14375
3 8681
4 8394
4 7432
4 18478
4 7290
4 15838
4 4109
4 3590
2 5647
3 14199
4 14619
4 3757
2 8164
3 10586
3 1911
3 11818
3 8718
4 12014
4 2974
4 4217
2 13457
2 7486
4 8886
4 6836
3 18136
3 9405
4 1693
3 17873
4 10404
2 4257
2 3209
2 2572
4 6588
2 4460
2 8938
4 5905
2 16537
4 3787
3 10443
3 7721
2 3380
3 3957
3 1619
2 16405
2 9726
3 2586
2 18425
2 4589
2 14793
3 12980
3 3909
4 13586
2 707
3 18475
3 10764
3 17726
2 2826
3 12830
2 17400
4 3948
4 6352
3 15899
3 4150
3 4196
4 5285
2 1944
2 11110
2 7931
4 16459
3 7290
4 11221
2 17362
3 17741
4 5784
4 965
2 9243
4 12987
4 14056
4 18914
2 4863
2 966
4 16278
2 2472
4 12874
4 7747
4 5700
4 17017
4 9429
4 2021
2 5420
4 5768
2 16770
4 10297
2 4634
3 3777
2 2659
4 7479
3 16336
2 16278
4 2040
3 12649
2 13819
2 4247
2 3402
2 607
2 3901
4 6167
4 2660
4 5218
2 18336
2 134
3 124
3 45
2 2983
4 7819
3 18531
2 19135
4 7820
4 10080
2 1932
3 6072
4 838
2 163
2 7406
2 8010
3 6202
4 11538
3 14858
2 13666
3 2029
2 15878
3 8999
3 13944
2 6750
2 14478
3 4673
2 18276
4 3265
4 17671
2 10354
3 1359
4 10389
4 17151
4 7223
3 1491
4 8615
2 15726
3 11563
3 535
3 18046
4 17373
4 2805
3 8841
3 3098
4 18609
2 1776
4 8730
2 3248
4 2908
3 18313
4 16013
4 13780
3 11923
3 16890
2 9066
4 8434
2 2796
2 17378
2 14222
4 17142
2 13735
3 5213
4 3234
3 8970
3 526
3 17503
4 2280
4 8781
3 10295
4 11819
4 15166
3 17953
4 1108
3 4226
2 12733
4 8464
3 18630
4 15271
2 12706
2 11774
3 9595
3 2647
4 10866
3 15005
3 13159
4 16527
2 4514
2 9905
3 11196
4 11347
3 7492
2 2529
4 15434
3 15268
4 4897
4 9090
3 4075
2 9243
2 15681
2 5640
2 12865
2 4489
2 3298
4 6530
4 14518
4 1346
2 15171
2 7182
3 3715
4 16054
4 28
4 7171
2 11560
2 7611
2 7293
4 17825
2 18434
3 8620
3 4998
4 7027
4 10783
4 12645
4 4795
3 19202
3 9719
4 12345
2 4662
4 9287
4 14482
4 15118
3 8466
4 14761
2 15034
2 8961
3 14088
4 14331
2 103
3 3162
4 16244
2 14121
4 12414
3 2085
2 16501
4 13960
2 17990
2 12750
4 12556
4 17041
2 17424
4 12947
3 4451
3 7408
3 17824
2 15147
2 343
4 13651
3 1262
3 13924
3 15505
2 2936
2 13717
4 11663
4 12496
3 14130
4 3707
3 4171
3 5584
4 7776
4 15055
4 18699
4 2673
4 5602
2 2767
2 6146
2 16212
4 4078
2 3755
3 17978
3 14746
2 6610
2 17865
2 268
2 9377
4 12706
3 3407
7
