1
5
6
3 10599
4 2802
2 14553
4 6740
3 506
4 6880
3 3885
2 3637
2 13269
4 17164
3 6431
4 484
2 19062
2 4450
3 7203
3 4151
2 6958
2 2962
2 10618
2 6336
2 13338
2 13714
3 7200
3 6161
2 1426
4 6079
2 19136
2 17043
4 7197
4 2627
2 16001
3 6659
3 14716
4 5429
3 7426
2 12186
3 6096
2 10588
3 3870
4 15723
2 1191
2 5632
4 9801
2 13197
2 6996
2 9658
2 11002
2 9770
2 3708
2 5199
3 8154
4 5331
3 15486
2 9918
2 7466
3 5974
2 9659
4 1092
3 18557
3 9374
3 7354
2 3063
4 4218
2 12795
3 18532
4 6063
4 6270
3 13385
4 7908
4 3572
4 9552
3 504
3 18749
3 15977
4 7175
3 11690
2 16368
4 18629
2 2191
2 7761
2 8086
2 3417
4 3356
2 17094
3 2629
4 13883
2 11154
3 7015
4 12792
4 15088
4 648
2 7066
2 424
4 7064
2 8329
3 12605
4 3405
2 14834
3 9367
3 886
3 11970
2 18056
4 4362
3 13805
4 15287
3 14202
3 341
3 17955
3 17414
3 11345
4 18427
4 12117
4 9927
4 18186
2 5770
4 4679
2 9358
4 2830
4 1203
4 5885
4 15506
4 5169
3 2334
2 15571
3 3733
3 17032
3 12830
4 10923
2 6767
4 2847
2 14986
2 11262
3 8510
3 7048
4 8882
4 2438
4 6733
2 4772
2 6540
4 13446
4 11582
4 12443
4 15200
2 14730
3 6029
3 5021
2 13098
3 1693
2 2703
4 10826
2 6159
2 16540
3 7356
3 13879
3 18638
3 17080
4 2253
2 2400
3 5794
4 18321
2 13921
2 14950
2 815
3 10498
4 3299
2 5569
4 13642
3 7633
4 15043
4 9178
4 15529
4 17276
4 14209
2 2896
2 11740
2 19221
2 2954
4 8700
2 9402
4 4158
4 11932
2 2034
3 8131
3 13087
4 8828
2 1033
2 13489
2 7656
4 16644
2 3805
2 14683
2 2943
2 10260
3 8157
4 6592
4 510
3 19150
2 13925
3 9510
2 8873
2 14277
4 12372
2 4150
2 1894
3 3548
2 4462
2 5185
3 5991
4 16755
2 17175
2 4075
2 16410
2 1330
2 9999
4 5991
3 7414
3 12242
2 14563
3 643
3 15356
2 718
3 12474
3 12667
2 1199
4 7012
3 16168
4 9080
3 5988
2 4486
4 11533
4 13096
2 10592
2 13262
3 9206
3 13184
3 10081
2 3697
2 12451
2 16279
2 18781
4 1796
3 14878
3 12993
3 15752
2 15736
3 12454
2 11289
3 5928
4 13269
3 7484
3 10456
3 10120
3 13420
2 10096
3 10805
3 18499
2 5785
3 4447
2 1668
4 8894
3 5120
2 5662
2 18659
4 11292
3 2790
2 17365
3 2638
3 1833
3 15925
2 849
2 1431
3 11954
4 12093
2 6285
4 13579
4 10106
4 5686
4 13167
2 11544
4 17982
2 3908
2 18477
3 17737
3 18285
4 4008
4 9905
2 1265
3 5823
3 18111
4 12925
2 12098
2 15484
4 7239
2 4748
4 12523
2 15253
2 856
3 17241
3 10611
4 13043
4 2924
2 13127
2 8380
2 12556
2 1708
4 6476
2 18762
4 11132
4 6671
3 18447
2 10437
4 1554
2 6585
4 16440
3 7259
4 10452
4 4157
4 9243
2 2272
4 16742
3 3971
2 11555
4 6707
4 7823
2 16363
2 590
4 18082
2 17029
4 1531
2 10879
2 16283
4 6865
4 2912
4 18177
3 2728
2 2738
3 2348
4 13452
3 9181
3 11834
3 5874
2 9524
3 3056
4 2995
3 10621
4 5206
4 5396
3 3425
3 14387
2 12843
4 14433
4 4058
2 6370
2 9543
3 7894
4 13057
2 2862
4 1960
3 8721
3 18616
3 19175
3 5230
2 7712
2 1008
2 925
3 15715
3 12113
4 19100
4 10931
3 14748
4 5820
4 11843
3 5709
3 13817
4 16448
3 5404
4 15571
3 4176
3 14767
2 3101
4 18196
4 12713
4 797
3 14350
4 17763
2 3740
3 1479
3 16748
2 14148
2 2759
4 15075
2 9894
4 2316
3 16468
4 11148
4 1523
3 16329
4 5587
3 11775
2 13720
3 13568
3 12601
3 8088
2 14763
4 3592
2 16825
2 13277
2 7453
2 18222
4 4235
4 13902
4 18186
4 6194
4 14725
3 2705
3 1565
3 10942
2 10378
4 8053
3 5170
3 18505
4 7169
3 16249
2 6070
3 3024
4 1812
2 7579
2 10190
4 1101
3 1018
3 2863
2 11655
4 13965
2 10856
4 735
4 10963
3 2981
3 7705
2 16930
4 2060
3 16210
4 12096
2 307
2 7855
3 17771
3 12697
3 12020
2 7576
4 5661
4 19197
4 12321
3 18121
2 13987
3 1234
4 10011
4 14736
4 14826
2 2734
2 120
3 5259
2 11055
4 17527
2 18599
4 18305
4 13294
3 561
2 11825
2 12087
3 14179
4 765
2 10770
4 6435
4 19104
4 858
2 13335
2 9177
4 1078
4 4380
3 12172
3 6430
3 12324
3 6733
2 18543
3 11457
4 12162
3 16466
4 2866
4 5546
4 15981
3 14387
2 3019
4 14010
2 6933
3 10214
2 5875
3 17518
4 11535
3 1258
2 17556
3 12686
4 7852
3 1465
4 1830
4 3308
4 17866
2 13850
3 6454
2 12770
3 6573
4 14248
2 1779
2 19202
3 12994
2 2161
4 11801
2 16093
4 4219
2 10226
4 13386
3 2153
3 14906
2 5021
3 3023
4 9136
4 728
4 14852
3 13058
3 2643
4 10741
2 19201
3 6090
4 1137
4 1683
4 12754
2 2987
3 5488
2 5405
3 9715
2 16180
2 12059
2 17726
3 18865
2 798
3 1819
3 16821
4 14978
4 6437
2 9610
3 9602
3 8420
3 9725
2 9949
4 948
3 6064
2 12895
3 4071
3 9815
3 12682
3 8834
3 4996
2 18424
4 16103
2 8641
4 4979
4 3363
2 12554
3 17815
3 11628
4 7459
2 13355
2 16938
2 18364
3 15909
2 2663
3 7208
3 9885
3 4912
4 14893
4 16207
4 3224
4 17406
3 14221
2 16154
3 1815
3 11077
3 11025
3 4364
3 5191
4 13730
3 7385
4 13680
3 17133
4 4738
2 14484
4 11021
2 14702
4 8765
2 9843
4 7453
4 12522
4 16947
2 12469
2 1417
2 3090
4 3741
3 7486
3 2388
3 8047
2 11007
2 17778
2 13021
2 14269
4 12322
2 19196
2 8238
4 9091
4 3543
2 12628
2 13622
2 7420
4 18473
2 8895
2 9132
2 13313
3 4397
4 15190
2 9699
2 16620
4 1199
3 2876
2 14032
3 9126
3 10346
3 14600
2 16747
3 875
2 2602
4 10438
3 5294
3 10913
4 6770
4 18157
3 18549
2 17203
2 522
3 2223
4 6536
4 17561
4 7921
2 16684
4 18419
4 2886
4 9108
4 18707
3 3090
3 11201
3 5038
2 14848
3 16640
4 16113
3 8538
3 12070
4 6611
2 7916
2 8149
2 8974
4 15515
4 4852
3 6280
3 9610
2 10255
3 13106
3 15759
3 4681
3 17245
3 7379
3 4811
2 11015
4 17982
3 8834
3 14242
3 5409
2 1477
3 15683
3 17074
4 5530
3 4061
4 3557
4 5560
2 4573
2 3476
4 12714
4 11948
4 4880
2 12097
2 6353
4 14230
4 9756
3 7529
3 13721
4 377
4 4720
2 8027
3 19090
2 614
3 2360
2 4393
2 5406
2 9846
4 18667
2 15372
4 8956
4 13238
2 17982
3 16476
2 17229
4 8699
2 4238
3 12933
2 14768
3 15370
2 312
3 5639
4 12596
2 15089
3 14221
3 19199
2 376
4 8484
3 19014
3 400
2 10220
4 4044
3 15054
2 2002
3 18432
2 3807
4 346
2 4321
3 17807
2 15501
4 5306
4 10467
3 18606
3 18014
4 3616
3 14475
2 13953
2 6387
3 18204
2 9050
2 7223
2 10374
2 2199
3 14233
2 11433
4 16221
4 16084
2 13579
4 8165
3 5342
4 18479
3 4901
4 16881
4 3375
3 8103
4 12670
3 9340
2 17484
3 10645
4 15510
4 6467
3 3672
4 6862
2 11390
3 3070
2 7017
3 5283
3 14872
4 15501
2 17661
3 12916
2 382
4 651
4 192
2 4816
3 4584
4 1368
2 1911
2 17080
3 13177
3 4066
4 2905
3 14585
4 6045
3 11857
4 16994
2 990
2 6245
3 14148
3 1551
4 15188
2 5106
4 19117
2 15962
3 9979
3 17101
4 6066
3 4181
4 19032
3 13263
2 2481
2 1638
2 8144
4 7113
3 1813
3 18688
3 4609
2 9946
4 6330
4 14514
4 4779
4 15899
2 6946
3 3360
3 2056
2 11517
2 9536
3 11138
4 4333
2 5905
3 8026
4 2265
2 10292
2 18
2 12217
3 17622
4 8162
4 18820
2 18783
4 19135
4 957
4 11571
4 5638
3 1156
4 17824
3 2737
4 8828
4 12891
2 16304
4 2740
4 350
4 5592
2 6745
2 18543
2 14908
3 420
4 14376
4 8134
2 2560
3 12090
4 6470
2 11825
3 7064
2 18635
2 7870
3 16103
3 2175
3 12445
4 13440
3 4958
3 4087
3 8125
3 4379
2 5283
3 11420
4 13972
2 16726
2 3041
3 2842
4 14295
2 4789
4 13708
3 15991
4 1759
2 13039
4 1034
4 583
3 4845
4 14689
3 10587
3 6107
4 17013
3 9601
2 9477
4 11188
3 18058
2 15317
2 3660
2 505
3 1113
4 7848
3 630
4 8867
4 17413
3 13876
4 9731
3 18745
4 14174
4 5150
4 14080
3 145
2 11106
3 5441
2 18592
4 16893
4 18632
2 7542
4 1675
2 10213
4 3353
3 13243
3 16785
2 13677
3 15101
2 6770
4 9909
3 2062
4 16305
2 399
2 7205
2 11947
3 17497
4 14056
2 14535
2 12898
3 13085
4 9450
4 7848
2 8039
4 17766
4 9605
3 7988
2 18763
2 40
3 591
2 12908
3 15226
2 901
3 17930
4 2344
4 3135
2 17504
4 19032
4 10143
3 2990
3 2005
4 562
4 16866
3 10780
3 7080
3 15386
2 5427
2 13032
2 915
4 17214
4 12908
4 397
2 10578
2 13826
2 18124
2 4020
2 8358
2 5561
2 12341
3 10074
4 3613
3 10578
4 4261
2 5269
3 17338
3 10507
4 1260
3 12465
2 17836
2 11242
3 9387
3 11060
2 483
2 14200
2 17179
3 9746
2 10320
2 7877
4 12435
3 3430
3 13874
2 3053
3 7525
4 10928
2 4387
4 7102
4 7016
2 14968
4 8552
3 16370
4 3989
3 1049
4 7869
4 9044
3 12048
3 12436
3 4828
3 17619
4 11497
4 2513
3 7860
3 10221
2 9597
4 16951
3 8232
3 11112
4 9916
4 3566
4 6746
2 1647
4 6417
4 4779
4 12285
2 10757
4 9145
4 11407
2 5603
2 4910
2 1896
3 2289
3 17503
4 13372
3 6350
2 16889
2 4698
4 2530
2 17496
3 8847
3 19212
2 17807
3 7428
3 13547
4 10441
4 6942
3 7991
4 5678
2 11314
4 10846
4 95
2 14153
2 2334
4 6041
4 3735
3 7743
4 764
2 4636
3 1881
4 4956
4 1883
2 8173
4 8023
2 5102
3 15513
2 15780
2 9582
2 19039
4 17091
3 7094
2 6454
4 12864
2 9895
4 15924
4 13270
4 88
3 4608
4 3848
2 7447
2 8868
4 14551
4 17282
4 15335
2 13701
2 17012
4 3804
3 1277
2 17658
4 16056
2 9478
4 257
3 12004
4 8016
4 16611
2 2166
3 17336
2 13066
2 6291
2 3332
4 6057
3 17755
4 13917
4 9328
4 4178
3 812
2 5660
4 14328
2 18138
4 2404
3 5726
4 2853
4 2279
3 9771
2 19119
2 17878
4 14782
3 6189
3 8948
4 16915
3 12628
2 7434
2 3491
2 540
3 3441
4 4413
3 7498
2 1827
4 7222
4 8308
2 17398
4 639
4 3704
2 2235
2 17885
2 6307
3 14312
2 8614
3 8894
4 17589
3 9947
2 12529
2 12101
4 13872
4 14139
4 6665
2 17792
3 1492
3 986
3 8715
4 9814
3 17462
2 9579
4 4765
2 14061
2 17162
3 13867
2 834
3 18502
4 16245
2 11608
2 17205
4 9152
3 8124
2 14776
2 10669
3 746
3 150
3 7619
2 2763
3 6192
2 15446
3 5835
4 9351
2 10897
3 6980
4 10393
4 8088
2 13560
2 15305
3 13433
3 9317
2 18054
3 7486
3 853
4 19077
4 1951
4 353
2 8796
3 14230
3 2915
3 18876
4 17493
3 5338
3 2989
2 13839
4 5496
3 18250
4 4772
4 2986
2 13888
3 3683
2 2445
2 9814
3 4055
2 10839
4 13298
2 13590
4 16297
4 16679
2 18614
4 5364
3 18225
4 1504
2 378
4 17431
2 14428
2 17932
3 3907
2 986
3 10775
3 13912
3 17697
4 4224
3 494
4 3895
3 9410
4 18814
2 13742
2 902
3 4630
2 12554
3 882
3 3479
4 12707
3 11853
3 15775
3 11532
2 6700
4 16261
3 16099
3 2118
3 12507
2 2682
3 2464
3 5764
2 8307
3 12246
2 12595
2 1506
4 11473
4 8877
3 3329
2 144
2 13894
4 2977
4 1787
3 12426
3 1232
3 18993
3 8671
2 6757
3 18102
3 6983
2 4199
3 12910
4 18616
2 18577
2 1738
2 18136
3 9036
3 8768
3 11627
3 14868
3 1121
4 18457
3 15686
3 10992
3 2664
4 18163
4 14629
2 18127
3 13075
2 2232
2 6826
3 14966
2 2030
2 17802
4 5254
4 14411
3 16445
4 9290
3 8993
2 18849
3 9840
2 17985
4 4800
4 2742
2 9691
4 5267
3 17687
2 3071
4 15397
2 9966
3 5401
2 14821
3 13480
3 7856
4 11232
2 15686
2 4554
4 11545
4 9132
2 16415
3 5216
3 3309
3 7764
2 17036
3 11265
4 3671
2 8001
2 15674
4 14050
4 14389
4 2240
4 8701
4 1266
2 17802
4 15647
4 8530
3 13122
3 8663
4 12587
4 19025
2 5936
3 7863
4 17203
3 12301
3 7863
2 5167
3 1784
4 9070
3 18486
3 12900
4 6348
3 9478
3 14831
4 3404
3 6936
4 3325
3 6697
3 3835
4 10012
2 12367
4 13654
2 3912
3 6167
3 3585
4 11872
3 1108
3 18271
4 3533
4 782
4 5178
2 15666
4 10013
2 17009
2 6663
4 8027
3 5747
2 2717
2 15158
3 3281
3 8169
4 2725
3 9913
3 5295
4 10996
3 9954
4 9456
3 15863
4 422
3 9826
2 12670
4 15501
2 13408
2 13113
4 2549
3 1402
2 18781
4 11831
2 13612
4 2480
4 2619
3 10840
4 9971
2 8183
2 17748
4 534
3 17041
4 2041
3 6160
4 1874
3 3337
4 10311
2 1625
2 10405
2 16367
4 1960
2 17547
3 11893
4 14625
2 6524
2 13220
4 142
4 9525
4 19146
3 16809
2 12346
3 16830
4 12661
3 8668
4 8618
4 8155
3 1340
2 5407
2 12949
4 7095
4 3514
2 11778
2 10999
4 11742
3 8095
4 15741
4 11670
3 13923
4 6479
4 19219
4 18707
4 16168
2 1783
3 8767
2 18596
2 12262
4 3611
4 14978
3 8872
3 7977
4 14829
4 5949
4 12846
4 2463
2 4085
2 2216
2 7719
4 7890
4 7054
2 15869
2 1749
4 7345
4 4196
3 2116
4 3825
3 18978
4 10523
4 12113
2 3080
2 17028
4 9638
3 18931
2 5274
4 11638
4 4059
2 8020
2 5343
2 12923
4 10244
4 16939
4 17492
3 14355
2 1997
3 15391
3 10373
4 12045
4 5362
4 8922
4 16297
3 681
2 3701
3 8521
2 17272
4 8730
2 11281
3 3522
4 9245
4 692
2 6781
3 14619
3 1597
4 13479
2 14291
4 18832
3 3813
2 3322
3 16306
4 10382
4 1252
2 16349
2 13819
2 18660
4 15990
2 10890
4 12661
4 12499
2 2612
2 15197
4 5489
3 7169
3 16173
4 1420
3 12862
4 19071
2 16524
2 3342
4 14026
2 4425
4 8059
4 10150
2 1486
3 10979
4 7384
2 12943
3 12648
3 6561
4 4184
3 1330
3 14625
4 10398
3 5720
2 3118
2 1738
3 5668
3 12272
2 18633
4 893
2 6311
3 3895
3 6510
4 1457
3 9977
3 6365
3 16435
4 1682
4 2532
4 1380
3 16800
4 8081
3 3105
4 7985
3 17149
4 18608
2 1649
3 44
4 9033
4 396
2 15236
2 9105
4 11385
4 15902
3 4630
4 16293
2 17005
4 5568
3 742
3 13272
4 2749
2 5348
4 2492
2 8209
3 9572
2 18948
2 16222
4 10599
2 18350
3 6808
3 12667
3 776
3 7791
3 13283
3 8488
2 14429
4 2122
3 12243
4 8895
4 9013
3 4405
2 18646
4 19127
2 3371
3 9664
2 3089
3 2807
3 15939
2 1052
4 2107
2 15909
2 16865
4 13784
2 6432
4 1495
2 18353
4 12186
2 14584
2 10167
4 7818
4 15876
3 948
2 8414
4 3162
4 15530
4 17278
4 1113
3 15358
3 15964
4 1762
4 18213
2 3094
4 19078
3 827
3 1590
4 12108
2 518
2 16823
4 14090
3 7820
3 8984
2 7345
2 1566
2 3541
4 3107
3 14003
3 5865
4 6066
4 17630
4 14509
4 15817
4 3167
4 11452
4 2093
3 4489
2 16697
3 12413
3 5809
4 13178
3 8153
4 1935
2 2894
3 3511
4 9295
4 17416
4 6338
3 2346
3 11520
2 4193
2 10699
4 1811
3 12217
4 14060
3 9502
3 1981
3 9883
3 4287
3 15163
3 4044
2 5531
2 5117
2 8170
3 6171
4 8793
3 1206
2 2259
2 13241
4 19053
2 4563
3 15659
3 5745
2 214
2 1200
4 15690
2 18250
4 1813
4 13668
3 15800
3 12960
4 8294
4 12408
3 5838
4 2079
2 10748
2 5831
3 11792
2 8297
3 10890
4 10906
3 6235
4 214
3 3521
4 1315
3 656
4 5550
3 2335
3 11024
3 18260
4 16016
3 17342
4 7718
2 4840
2 18623
2 11177
3 15695
4 8865
4 6257
4 18904
3 6276
3 7223
3 8983
3 18172
3 13814
3 18719
4 9454
2 15040
3 18865
2 10407
2 1076
3 7474
4 5068
4 2082
3 16120
2 6507
3 13181
2 3209
4 1430
2 1503
4 17930
2 12853
2 14233
3 1092
3 15832
3 16016
4 15188
3 11071
4 966
3 8664
4 16960
3 640
3 13483
3 5481
2 6138
2 8878
3 7127
4 2749
4 7562
3 300
3 15106
2 621
4 11590
3 13075
3 15589
2 6421
4 10949
4 7622
2 9788
3 18409
2 18594
2 11861
4 2121
2 11275
3 14722
3 2263
2 3443
4 9194
2 15579
2 15106
2 1635
3 17073
4 10653
2 6931
3 2589
3 3724
4 11106
4 19195
2 5525
3 11264
4 8782
3 12814
4 16464
2 4898
2 8464
3 7311
2 14577
4 6855
4 14915
2 9547
2 11758
2 8328
3 6040
2 15233
2 18821
2 9550
2 13884
2 16592
4 10328
4 12627
2 7333
2 10590
4 5365
3 19196
2 14077
4 17385
3 11467
3 9116
3 14565
3 9909
3 8452
3 8121
2 12850
3 15302
4 17503
3 15584
4 15949
3 16681
4 18725
4 15036
3 5592
3 17510
3 17345
3 1090
2 12071
2 11456
2 14940
4 353
3 2157
2 10160
2 6880
2 6777
3 8542
3 4640
2 10573
2 12350
3 9135
4 6002
3 11669
2 12679
4 16899
3 385
4 6476
4 6500
3 3757
2 10896
2 5106
2 5449
4 7507
4 9470
3 7984
2 10316
4 13080
2 15892
4 6671
3 8561
2 3990
2 7919
4 3557
2 3239
2 4243
4 6544
2 17923
3 4100
4 18799
3 6922
2 11946
2 17467
3 17277
3 15419
2 18501
2 12125
2 5313
2 18829
3 18364
2 15996
2 1650
4 7676
2 16794
3 15380
2 11545
2 9002
3 16971
3 1926
3 13037
2 14535
3 18213
3 18300
2 7806
3 10703
2 4621
3 8283
4 8948
4 13833
3 16073
4 13589
3 7406
3 8713
3 18126
3 11133
2 200
4 11552
2 11627
2 7686
2 16563
2 4858
4 8789
2 5207
2 9750
3 12058
4 13070
4 11301
2 16589
2 7607
2 13356
3 8668
2 16953
4 9417
2 1088
2 2591
3 12585
4 14559
2 7488
3 9679
2 12119
2 9980
2 9752
2 1581
4 12355
4 11770
2 7428
2 7795
2 5662
2 4193
2 8125
4 15255
2 14620
3 13787
3 8698
2 6925
3 12361
2 1967
3 9362
4 2778
4 1980
2 4819
3 6824
4 15895
4 17425
3 11619
4 18090
4 6353
3 3890
4 7933
2 18992
2 13449
4 3861
4 18967
4 1657
4 7533
3 7316
2 9776
2 7437
4 17347
4 15949
4 11117
3 17912
2 16044
2 522
4 4085
3 1974
4 3106
4 12606
2 3396
3 4228
4 6253
3 14724
2 2180
3 1922
2 12946
4 12434
4 601
2 5547
2 13743
3 3132
4 9544
3 5119
3 10922
4 4227
4 2477
4 2742
3 4779
2 18275
2 3942
2 8244
2 13693
4 8786
4 14569
4 14658
4 1221
2 2592
2 7427
3 9738
2 7123
4 5149
4 7520
3 5562
2 14871
4 9682
4 13815
2 12737
2 3059
3 17735
2 17857
2 9351
3 2519
4 9060
3 4024
2 12107
4 11930
4 9469
3 13088
2 10065
2 7955
4 16244
2 11043
4 5728
4 4648
3 6659
3 3477
3 18487
4 7378
4 18978
2 13114
4 12359
2 14781
3 17071
2 3650
2 3760
2 10539
4 11275
4 16999
4 10542
3 14324
2 11753
4 13006
4 6548
3 2518
4 16003
3 12567
2 6301
4 15449
2 5149
3 9343
2 9643
3 1235
3 6521
2 1265
4 3483
3 2532
4 14362
4 3622
3 7578
4 14759
3 15663
2 13735
4 12027
3 19175
3 19130
4 18530
3 1865
2 18073
3 10017
4 12253
2 5020
3 15750
4 7497
3 16308
2 3599
3 14410
2 14092
3 16867
2 7113
2 18411
2 3359
2 6857
2 2237
4 1897
4 12014
4 18254
2 16986
2 18390
4 11528
3 13825
3 15093
3 16759
4 935
4 6586
2 18021
2 5321
2 5113
2 13800
2 12332
3 8928
2 10046
4 13237
3 6771
3 8727
3 17909
4 1940
3 17725
4 16155
4 2734
3 9332
4 16552
3 8590
3 16346
3 12342
3 10870
2 19020
4 4954
2 6478
3 9060
2 8966
3 11363
2 17974
4 12636
4 15238
4 1755
3 4351
4 2873
4 9662
3 442
2 4494
4 19148
3 9917
4 11638
4 3657
2 13479
4 9576
2 12423
3 4664
2 7488
4 9554
3 10196
3 3724
2 6780
3 8127
4 9985
4 647
3 11756
3 9031
2 9143
3 15867
4 4997
3 822
2 6205
4 7895
2 9940
2 13228
3 6524
2 146
2 156
3 10345
4 7697
2 4738
3 2633
3 2992
2 13938
3 15109
4 3505
2 4220
2 10008
2 6028
2 5839
4 1847
3 6846
2 11808
3 17748
4 7840
2 15862
3 5658
2 12763
4 483
2 5522
2 937
4 16755
2 315
2 2663
4 14658
3 6049
3 5166
4 814
3 18228
2 6467
4 15659
3 6756
4 17466
4 1961
3 16889
3 12212
3 16193
3 4963
3 18946
2 19011
3 8107
2 5696
2 18665
4 7031
2 11608
3 12547
2 6223
2 1868
2 14604
3 6246
2 18021
2 8784
4 9306
2 14314
3 16855
4 6700
4 14582
3 14485
4 12914
4 18239
3 8796
2 6598
3 1449
4 5815
4 5212
3 9490
3 17276
4 13715
2 15153
4 5563
3 1041
4 12266
3 14498
3 403
3 12884
2 8891
3 11007
2 10271
3 15954
3 3507
3 2121
4 1463
4 5978
2 1159
2 5664
4 18088
2 237
2 4568
4 16589
3 1900
3 1771
3 1320
2 13487
2 12811
2 9031
3 2154
2 2760
3 10672
4 10232
2 15512
3 2531
3 3558
2 16719
3 714
4 1825
2 3520
4 15296
3 8079
3 186
3 10643
3 11392
4 14770
4 8110
4 6600
2 16421
2 1026
4 5906
2 218
3 10037
2 6734
3 12474
4 325
2 7501
4 9451
4 16373
4 405
4 17331
2 19024
3 2103
2 3903
3 10420
2 15083
3 5811
3 16751
4 7392
3 6587
2 10755
2 9823
3 16657
4 8386
2 4281
3 17788
2 1669
3 9136
4 1353
4 10289
2 7935
2 10116
2 1034
4 1684
3 4058
2 18755
2 17777
2 12639
3 3588
2 5630
4 9800
3 16583
4 9975
3 8550
2 9240
4 17195
2 13745
4 16881
2 7048
3 509
2 11590
3 16286
4 2116
4 15965
4 8133
3 11385
3 19113
2 16768
2 989
4 3895
4 5428
4 11014
2 11381
4 779
4 11908
4 6230
4 2080
3 3953
2 17943
3 15695
3 329
4 7971
4 10393
2 18678
4 1846
4 2233
3 8007
3 4220
2 11986
3 16494
4 9873
2 12459
4 1635
4 3506
3 7411
2 8743
2 10008
2 9444
3 12601
4 605
3 11334
3 8705
4 2915
4 12767
2 6940
2 3091
2 817
2 9758
3 5375
3 17566
4 1789
3 12721
3 7093
2 10433
4 10181
2 13329
2 14126
4 3324
4 15697
2 7891
3 7219
4 10108
3 3065
3 9712
4 5537
3 2747
2 4940
2 18477
4 4916
4 9053
2 10200
3 12884
2 1435
3 14228
2 15978
3 8599
4 1081
3 9326
2 2364
4 11916
3 4866
4 3508
3 5349
4 7874
4 10540
2 6068
2 8527
3 3497
2 19090
4 4859
2 484
3 10901
4 15138
2 14411
2 10491
4 5122
3 8982
4 11217
4 13098
4 18816
3 13539
4 4035
3 8574
4 4031
4 12035
3 8125
2 15013
3 4853
3 19066
3 16212
2 2817
2 14644
4 12343
4 7157
2 12253
4 2702
3 17627
3 17201
2 13001
2 13287
2 3872
2 1623
2 2091
3 5941
4 15421
3 16612
4 7225
2 14701
2 17481
2 14995
4 10852
2 12854
2 6580
4 6294
2 6872
2 4225
2 4889
3 1744
2 11
4 581
3 6888
3 17098
3 7861
3 3859
2 17295
4 2531
3 11015
2 14641
2 4357
2 13348
4 12374
3 14290
3 18741
2 18809
3 15428
4 13156
2 467
4 6897
2 5357
4 12099
4 3660
2 2471
2 9590
3 950
2 5250
3 15913
3 8666
4 7684
3 3208
4 14788
3 15878
4 7900
3 12622
2 6335
3 16751
3 1664
3 17155
2 4490
2 5356
2 8885
3 17554
2 15759
3 10046
3 4220
4 9765
2 7246
4 18475
4 1833
2 13440
2 18771
4 4519
4 313
4 93
4 10505
3 16971
4 15465
3 17308
2 16960
2 12584
3 15497
3 10353
2 646
3 3373
4 14895
3 15817
2 5384
4 16621
3 11264
3 10517
3 109
4 10062
3 508
3 4101
3 2015
2 17810
2 13351
3 12450
3 11650
3 4517
2 3092
2 1963
4 15565
3 13090
2 4745
3 12089
3 12927
2 13120
3 17984
2 1991
2 14739
4 5586
3 5768
2 13508
2 17833
3 8176
2 3754
4 6777
2 16118
3 5720
2 12312
4 5404
2 7083
4 2020
4 13000
3 12333
2 12589
4 10720
2 18551
3 2306
3 6498
2 6186
4 3000
4 18804
3 17930
4 11194
3 5876
3 5294
2 2517
3 9582
4 15855
2 6580
3 16409
2 9807
4 19093
2 8615
4 11867
3 9150
3 11851
3 260
3 7049
4 11819
3 5477
2 19023
2 12813
2 2424
4 2121
4 3274
4 7474
2 8
3 9273
3 16060
4 9658
4 16981
3 6174
2 11171
3 3013
3 19058
3 15772
2 7896
2 7319
4 16202
3 7318
4 7793
3 570
2 1464
3 11171
2 15530
4 7941
4 7130
2 11567
4 10374
2 14565
2 4045
4 5478
4 11415
3 7410
2 8098
3 9762
3 6025
4 18218
4 14908
4 9593
2 9329
4 18833
3 2033
3 8570
4 17072
4 6216
2 2663
4 12191
3 8534
3 16492
2 10308
4 5444
2 4709
3 17395
4 4866
3 1986
3 3451
4 8936
3 7959
3 19033
2 14456
4 8429
3 2385
3 11480
2 18656
4 6597
2 18841
2 12169
4 17529
3 8138
4 16553
2 8195
3 2429
4 17870
3 2803
3 1710
4 9278
3 17811
4 8846
4 11586
3 12612
4 8805
2 14738
3 8950
4 16274
2 14820
2 2402
3 11442
3 18749
2 14617
2 15371
4 2233
3 9995
3 5301
2 10956
4 7299
3 2317
4 6048
4 16573
3 4399
3 2922
2 6002
4 5626
2 18142
3 246
2 11736
2 11545
2 14233
2 1019
3 14611
3 11639
4 14083
3 834
4 5117
4 2378
3 13319
2 444
4 18400
4 8041
2 10099
4 14280
3 7081
3 9569
4 12688
2 11281
3 14893
3 15302
4 10385
2 9330
4 4089
4 13381
3 10666
3 36
2 18610
3 11420
3 13060
2 3522
2 1740
3 4689
3 8739
2 10967
4 2570
3 3595
4 2936
2 18288
2 15605
4 2850
2 7393
2 16895
3 9477
3 4155
4 7776
2 18984
4 13019
3 9239
4 18923
3 9643
4 7348
4 17847
3 2446
2 10692
2 5494
4 8649
4 457
2 5042
4 8124
4 9255
4 14215
4 14553
3 19142
4 11423
2 9427
3 4027
3 1508
2 1897
4 2046
2 10937
4 8135
2 17658
3 12401
4 14522
4 10670
3 12788
3 3631
4 14501
2 5442
3 1949
2 378
3 7512
2 2433
4 18287
3 12673
3 10056
4 16295
2 3064
3 13000
3 7491
4 121
4 4535
2 3818
4 12432
2 7338
4 9451
3 217
2 10242
4 14892
3 1196
4 17334
2 9822
3 6851
3 5464
3 13471
2 1040
4 16200
3 12142
3 16074
2 18039
2 7075
3 6703
2 9366
4 1601
2 2902
4 10131
4 13438
4 18153
2 11703
3 18410
2 12122
4 6996
2 3030
3 10325
4 14222
3 10637
3 15765
2 11747
4 15086
4 82
2 7980
2 11331
3 842
2 15119
4 17496
3 3779
4 13685
4 14640
2 4501
2 7569
4 16157
2 6666
4 14054
4 3117
3 17245
4 1057
3 9487
4 5039
4 6462
4 201
2 6566
4 1036
4 3175
2 7221
2 8235
2 9256
2 7207
3 223
2 18566
4 5286
3 13444
4 1934
3 6036
2 17336
3 1309
2 12357
2 6080
4 16270
4 16966
2 3358
4 18689
4 357
2 18340
4 7957
3 5051
4 13180
3 8829
4 3801
2 9204
2 8751
4 424
3 7566
2 17713
2 14814
3 16249
2 1653
4 10074
2 15031
2 15421
2 11348
2 480
4 3949
2 1616
4 11004
3 9665
2 791
2 10848
2 14389
2 15748
4 18899
4 7617
4 6606
2 4127
2 13263
4 9188
3 13106
2 5947
4 6843
2 7635
2 654
2 13653
2 1964
3 7319
2 14272
2 6332
4 6359
4 8247
4 17725
3 12866
2 14393
2 14116
2 6151
2 821
3 2893
3 15115
3 16598
2 7450
3 7099
3 17934
3 16933
4 18191
3 10678
2 17410
4 17431
4 12568
4 2477
2 3303
4 9784
4 13939
4 7379
4 6713
2 14981
3 11308
4 17479
4 18132
3 17688
3 641
2 17673
4 13860
2 16781
4 4140
2 14936
4 7805
3 4777
3 14180
3 11744
2 8322
3 9809
4 13124
2 5897
2 10646
3 10830
2 11014
3 18288
2 13745
3 3322
4 464
3 10698
3 6739
4 4702
2 7782
4 10514
4 7081
4 14921
4 11236
3 7911
3 17455
2 13105
4 1481
4 6393
3 9380
3 9360
2 13845
2 3749
4 10615
3 16850
4 5619
4 10504
2 2520
3 6996
2 2768
3 3266
4 15063
4 17056
3 14452
3 0
2 17270
4 5099
3 3588
2 4946
4 6020
3 12294
3 4090
4 4820
3 13121
4 1054
3 2970
4 244
4 17177
4 14806
3 18202
3 7140
2 13941
3 10618
3 11805
3 5651
4 13680
2 7337
2 3286
2 16921
3 5477
2 8117
2 14347
3 2301
3 5087
4 1033
2 677
4 10201
4 11916
3 3822
3 74
2 15067
4 13346
4 14134
3 1656
4 15413
4 14820
3 16562
2 2644
3 11660
3 13657
4 11617
4 9162
4 16637
2 11366
2 6472
4 10828
2 16258
4 15254
3 10756
2 13803
3 14387
3 8841
4 3591
3 5805
3 9853
3 6181
4 12275
4 17855
4 6954
3 9173
4 2154
2 17478
2 4539
2 17947
2 8596
2 626
3 7969
2 8823
4 16359
4 10111
4 296
3 12485
2 2793
2 18717
2 5928
3 13961
4 1443
4 11527
3 18723
2 5592
3 6745
3 9487
3 5494
2 9359
2 14272
3 5282
3 2310
3 8492
4 1763
2 12256
4 4995
3 923
2 12148
2 3312
2 17901
2 131
4 8945
2 6296
4 6535
3 12891
3 17296
3 8645
4 13256
3 18371
2 12085
2 4123
3 2508
4 10192
3 5308
2 6116
3 11268
4 12167
4 7123
3 5998
3 13323
4 17405
4 15600
2 6602
3 3905
2 4825
2 10514
2 14413
3 14226
2 11149
3 589
2 291
3 2649
3 13062
2 10105
3 12920
3 10872
2 12191
4 3813
4 13996
4 6393
3 12556
2 16837
4 17567
2 6617
2 406
4 14748
2 7652
4 15573
3 18346
2 11054
4 18053
2 15821
3 9273
2 11100
2 11730
3 18656
3 12723
4 15391
2 11123
3 8050
3 10857
2 11306
2 7577
3 17980
2 11990
2 2389
2 3333
2 15968
2 4126
2 4059
4 8713
4 4973
4 12617
4 12728
4 11792
4 10250
2 5492
4 3836
3 961
2 13773
4 18501
4 17857
3 14884
4 17485
2 11110
2 17167
4 14911
4 16703
4 9684
2 11042
2 16010
2 15978
4 13530
4 13600
4 17064
4 11322
2 4133
4 8488
3 8848
3 19214
3 7288
4 2275
4 8386
4 14266
3 2179
2 10503
4 5832
3 12765
3 6603
2 493
2 17523
4 8033
3 5288
3 9347
4 9525
4 14911
4 973
4 11501
3 13012
2 5699
4 9592
2 5552
4 17836
3 11989
3 17395
3 14971
2 6706
3 15182
3 6309
2 3349
2 9111
3 8819
4 15120
4 15894
3 802
4 1453
4 13010
4 18144
3 3192
4 12523
2 13347
4 16572
2 7929
4 17949
3 623
3 12702
4 9694
2 2198
4 11687
2 12995
3 8843
4 1572
4 3442
2 6319
3 6303
3 12194
2 16785
3 7439
3 3074
4 1514
3 5314
2 19029
2 1204
4 18990
2 4358
3 15036
4 2054
4 15693
3 17131
3 15768
3 18392
3 17635
4 641
4 12650
3 12433
4 4308
2 11699
4 2723
3 9015
3 998
4 11532
3 4353
2 16802
4 18509
2 13879
2 9100
2 16029
2 11803
4 19165
4 11277
3 12950
2 15485
2 12891
3 17039
3 17118
4 8950
3 2705
2 16397
2 11072
2 10086
4 2081
3 433
2 1131
2 4978
2 3405
3 8120
4 8269
2 967
4 2511
4 18732
2 18291
2 18776
3 16420
3 12221
4 18132
3 16309
2 5716
3 7858
2 9675
4 16726
4 13586
2 18522
2 1460
4 3426
2 3462
4 11306
2 11148
3 2210
4 639
4 12150
4 17205
3 8220
2 6684
2 18451
4 2482
4 17322
2 10584
2 7772
4 4986
3 13643
4 9358
4 18644
4 694
3 2454
2 7923
2 740
3 2098
2 11549
4 13974
4 8059
3 1487
4 16374
2 10866
4 887
3 5211
4 6924
3 16422
3 5175
2 10960
2 8069
2 10576
3 9906
2 2504
3 8059
2 7465
3 8329
4 2654
3 14205
3 7584
4 2812
4 661
3 16487
4 9886
2 13538
4 15544
2 2354
4 3890
4 10784
2 3783
3 6390
4 17518
4 16147
2 12294
3 4190
3 4229
4 4129
3 9599
2 3442
3 10733
2 4151
3 17897
4 13221
3 10081
3 1839
4 14120
4 7691
4 17809
4 8483
2 9233
3 14697
2 14517
3 11243
4 18716
3 3180
2 3277
2 13855
2 10494
4 8117
2 482
4 2389
2 9402
4 9038
4 10187
3 18151
4 9103
2 13133
4 5837
2 13224
3 11701
2 13530
2 15952
3 2645
2 16978
4 3613
4 13825
3 17049
4 15519
4 7389
4 3529
4 8651
2 1977
3 6368
3 15062
3 7813
3 14293
3 3413
2 7148
3 4072
3 3539
4 14322
2 14021
3 4488
3 14557
3 4165
4 11842
3 183
2 16124
4 17482
3 16614
4 2168
2 12958
2 18311
4 3649
3 284
2 14930
2 9407
2 8903
3 1167
2 9313
3 9871
3 8788
2 5869
2 18563
4 5812
2 16550
2 4668
3 14963
4 2606
2 4752
3 16162
3 1459
4 5112
2 5796
4 15189
3 3384
2 2783
2 6103
4 8557
3 12086
4 14847
4 13499
4 1089
2 11677
3 18778
4 937
4 1989
4 9692
4 16506
3 6396
4 335
4 2920
2 3146
2 14360
2 5119
2 1447
4 17448
3 4979
3 7076
4 9093
2 17065
3 16063
4 19169
3 18201
4 17952
3 16241
4 8573
3 14651
4 9362
2 11955
3 1012
3 16978
2 10895
2 17158
4 15113
3 10404
3 8164
3 15962
2 6851
3 16527
4 3326
2 9754
3 15208
2 5748
3 89
2 13169
2 19169
4 16827
2 7794
3 15055
4 11367
2 12424
4 15103
3 4949
2 4181
4 10287
4 8181
3 3641
4 15346
3 12803
4 14132
4 16280
3 15641
2 17191
2 13075
2 13187
3 17270
2 7243
3 14148
3 3157
4 10065
2 8908
4 7164
4 13518
4 4190
2 5192
2 12497
2 15211
4 12056
2 2978
3 9817
4 11871
3 12704
2 1356
2 18949
3 16264
2 18785
4 7765
4 14546
3 18132
2 4197
3 9649
4 2414
4 18545
2 7602
4 14219
4 13519
4 16131
4 10565
3 4150
2 12550
4 8446
2 7467
4 15954
3 15578
3 3220
4 15334
4 3975
3 11812
2 11346
2 942
3 10689
4 11609
3 11776
3 14905
2 13905
3 9333
4 199
4 16476
2 5783
4 6836
3 8276
2 18610
2 13641
4 15203
3 11627
3 12805
4 2416
4 554
4 5616
3 7207
4 557
4 5608
3 16742
2 139
4 12486
4 16091
4 830
3 17454
3 5169
2 18708
4 15485
4 6067
3 6682
3 3821
2 3826
2 7409
2 776
2 12162
4 2214
2 9406
3 8245
4 8200
3 13696
2 16085
2 6057
2 6356
3 9022
4 1128
4 9693
2 8777
3 6948
2 16647
3 12187
4 1792
3 13619
3 17089
4 570
2 12572
4 699
2 12007
2 3795
4 11839
2 11696
4 13491
4 9716
4 17435
4 13125
2 4256
3 11188
4 2693
2 9153
2 4051
4 1250
3 665
3 4458
4 9713
3 10441
4 4037
4 10395
2 1790
2 18744
2 5642
4 2071
3 7287
4 237
3 4412
4 1360
3 15004
3 12465
3 18382
2 13303
2 11610
2 15251
2 9371
3 10222
3 9462
4 3146
3 15288
2 15335
3 5726
3 15897
2 2957
3 8609
3 4796
2 4732
3 12700
3 18730
2 3055
2 10421
4 17100
4 15777
2 15001
3 18378
4 2887
3 11256
4 16506
2 10141
3 17073
2 18281
2 12615
4 16184
2 878
2 19141
4 14767
4 11141
4 6358
2 17416
2 15755
2 2380
4 7338
2 7402
4 8960
3 15606
3 4601
3 1796
2 8161
4 137
4 9542
4 8768
3 3547
4 3340
4 15321
4 6010
2 16012
3 18092
2 13643
2 17723
3 82
4 6359
4 16917
4 7901
2 18894
4 11386
3 11551
4 15980
3 19210
2 12550
2 10276
3 5605
3 11164
2 1119
4 5300
2 4999
4 975
2 8086
2 5441
3 17215
3 626
2 16267
4 9021
2 8942
2 5113
4 4193
4 10340
2 127
2 11071
3 13266
3 11870
2 12198
3 10483
2 14788
3 16125
2 9539
2 18498
2 1562
3 1557
4 7829
4 4430
4 769
4 3494
3 12434
4 15674
3 3395
4 3529
2 6059
3 2539
4 11438
4 6150
3 1575
3 13964
2 13259
4 9586
3 9061
2 4711
2 14244
2 6640
4 12128
4 201
4 10788
3 257
4 6060
2 7813
3 3593
3 15419
3 10296
3 4424
3 4711
3 14143
4 4004
2 11425
4 8947
3 11369
2 10671
3 10395
4 8922
3 17014
4 10504
3 442
2 17576
2 6108
3 5129
2 17751
3 11859
3 14263
4 5528
4 4090
4 11506
3 10094
3 9572
4 9957
4 13817
3 5069
4 3418
3 2208
2 3610
2 4187
2 3887
3 11794
4 8678
3 6894
4 18154
2 8253
2 3189
3 16198
2 14107
4 17164
2 16083
2 2775
4 6557
3 3185
4 10692
3 15842
3 12151
4 18785
3 17863
4 16153
3 11603
4 2574
4 9538
3 9954
3 15131
4 7249
3 14691
4 8258
3 15363
3 16645
3 964
4 464
4 12171
4 11364
2 6779
4 9365
2 10584
4 5630
4 8973
2 5830
3 1129
3 470
3 18530
4 2125
2 14384
3 14979
2 13817
3 4861
2 6587
3 16177
4 13761
4 8847
3 14983
3 16069
3 12967
2 4996
3 5883
3 6719
3 2129
3 17081
3 9756
2 2309
3 11749
2 7067
3 11938
3 4609
3 10163
3 3406
4 18835
2 13132
4 7896
2 15634
4 7551
2 11479
3 18438
2 11006
3 15405
4 4206
2 1408
3 5666
4 6229
4 7544
2 7256
3 587
3 11631
2 14767
3 8527
3 11274
4 12038
2 7723
4 3631
2 8844
3 14083
4 17864
4 15725
4 6350
4 3710
3 3880
4 1532
3 7969
3 4326
2 5725
4 1038
3 5811
4 15858
3 482
3 18512
4 7500
3 2378
3 9843
4 11756
4 5587
2 2321
4 12622
4 6786
2 7210
4 14088
2 14391
3 4568
2 510
3 1603
4 1370
3 8428
3 9071
4 5464
3 12343
3 13683
3 15034
2 7775
3 9251
4 12540
4 5754
4 12665
4 9328
4 6992
3 11503
2 4126
4 5246
4 14097
4 8663
4 4663
3 320
4 1762
4 3070
4 8316
2 16462
4 1487
4 8413
2 646
4 11870
4 12768
3 15733
2 13308
4 18833
3 4665
2 1104
2 8751
3 18179
3 16326
4 13895
2 1551
2 16352
3 12942
3 18621
4 6929
2 15498
3 599
2 5429
4 11369
3 6356
2 16696
3 4455
4 15131
3 13658
3 1897
3 12176
4 18797
3 10611
4 8573
2 8622
4 8792
3 10626
4 2733
2 3045
3 198
3 929
2 9701
3 1261
2 1298
3 6431
2 19058
4 8112
2 3064
3 6478
3 6838
2 8853
3 2977
4 19060
4 632
2 4913
2 17898
4 7512
4 19058
4 4585
3 1334
3 8024
4 17951
4 13355
3 5093
3 17922
3 14454
3 8294
4 12659
3 18560
3 10165
2 18627
3 3165
2 2867
3 393
4 4153
2 6349
2 15309
2 9134
2 12857
2 16283
2 854
3 5542
4 17635
2 19113
4 1720
3 994
4 8161
4 12338
4 12632
3 1802
2 5221
2 10757
2 10638
4 18941
4 2517
4 4211
3 18088
2 336
3 18268
4 17480
3 6277
4 18847
3 9409
2 533
2 14373
3 10992
3 1688
4 17700
4 7750
4 16823
3 7846
3 11105
2 3364
4 988
4 12226
4 2169
2 8810
4 2037
4 16454
4 11579
4 7566
4 6090
2 1997
2 10879
4 5851
4 18945
4 6491
2 3585
3 7773
3 9720
4 3160
2 14774
3 12433
3 10069
4 18078
4 3966
2 779
2 19011
4 14797
2 6881
2 2867
2 1858
2 5249
3 15788
2 8149
2 13281
3 3007
3 9488
2 13499
2 14124
2 17729
2 17159
3 10126
4 8948
2 2099
4 14533
2 1853
3 14436
3 5128
4 8019
2 9350
3 11059
4 2553
2 18052
3 6628
3 15990
2 3454
2 14396
3 5592
3 5737
4 7925
3 4481
3 4345
2 5178
3 18011
3 15513
3 4405
4 7147
2 17863
3 15976
2 1245
3 4416
3 10731
3 10052
4 10670
3 13769
2 7365
4 6069
4 4779
3 1155
4 17123
3 4056
2 16409
3 10014
2 7676
2 2003
3 13421
4 15192
3 5435
2 10846
3 16671
2 7706
4 2640
4 8158
4 3044
2 16221
4 3601
4 2472
4 4991
2 3869
2 7062
4 8271
2 6862
2 12178
4 18071
3 9231
3 18279
3 16220
3 12363
2 2690
2 17848
3 17514
2 791
4 14477
3 1394
4 13528
2 4556
3 5215
2 9418
3 12618
3 9377
4 16647
3 13036
2 7595
4 2430
4 14019
2 16723
3 2662
4 15819
2 229
3 473
2 12007
2 13494
2 11561
2 947
4 16060
4 14080
4 6230
2 10840
4 15911
2 11279
4 19142
4 18235
2 11449
2 11286
2 2669
4 5915
4 7177
4 11547
2 9160
2 3619
4 8101
3 8058
3 18994
2 1219
3 1149
3 10672
3 131
4 9121
2 4605
3 50
3 8878
2 10822
4 4415
2 14531
2 14451
4 13953
2 5267
4 1791
4 15698
2 14081
4 9582
3 3092
2 7620
3 6924
2 12609
3 4832
3 13251
4 11650
3 8294
2 9892
2 7877
3 7475
4 2925
2 17730
2 15188
2 5895
3 12229
4 8293
2 11709
4 5644
4 5328
4 773
3 10059
4 421
3 6028
4 4315
3 11146
4 5352
3 1793
2 8221
3 18270
4 1862
4 16958
4 10646
2 8539
4 308
4 5554
4 16993
3 14893
2 16877
4 14261
4 16753
2 15180
4 15447
4 15090
2 4990
3 7907
3 6972
3 14229
3 15775
3 2234
2 14352
3 4013
3 18801
2 16035
2 12477
2 1092
2 1476
2 9980
3 5091
3 11150
3 10190
4 14967
4 851
2 1918
3 2232
2 12934
4 8316
3 3996
3 12892
4 14291
4 15255
4 4889
4 838
2 12405
4 207
4 6235
4 9948
2 13523
3 4807
3 10030
2 2078
3 6142
3 18000
3 18705
3 17025
2 1173
2 13882
4 14823
2 17932
3 9760
3 11707
3 1319
4 4593
2 13441
2 18091
4 5260
2 17209
3 736
4 6170
3 9412
2 1962
3 424
3 3399
4 16380
2 2829
3 18856
4 12898
2 4419
3 17603
3 15625
2 4911
4 11679
3 19195
3 5785
3 3776
4 17543
4 14378
2 16305
4 14968
4 1710
4 4764
4 592
3 11227
2 16892
3 5647
2 9641
3 18832
3 13199
4 10505
3 14432
4 17409
3 4179
4 10087
3 4208
4 6175
2 414
3 6928
2 12911
2 5838
2 7041
4 3261
3 9080
4 15145
3 1698
3 14547
3 7126
2 14598
3 7010
3 3473
4 16398
2 13086
4 5584
4 2764
3 1587
2 10512
4 13826
3 16705
2 8268
4 4538
4 3448
4 6544
4 12914
2 10850
3 15067
3 3973
3 7969
4 1521
3 16493
2 11230
2 2107
3 16872
3 13105
2 2689
4 14607
2 15076
4 16939
4 14403
3 14061
4 14395
2 1962
2 15196
4 16447
3 17427
2 7706
2 11592
2 7706
2 14850
3 17275
3 16736
4 4200
3 2037
2 14608
4 15700
2 4671
3 18905
2 7443
3 4360
4 8727
3 11053
2 2612
3 7768
4 7760
4 1470
2 848
4 3032
2 10615
4 5906
2 2862
4 5156
4 5161
4 13868
3 7265
2 13562
4 12560
2 243
4 17999
4 4461
2 312
2 4524
4 18061
3 15495
3 16198
4 8334
3 10777
3 9710
2 8396
4 1117
3 2372
2 9989
3 13213
4 14825
3 17296
3 6997
3 11465
4 12896
4 18683
2 13156
2 10589
4 7195
2 16163
4 289
3 11283
3 18883
3 11196
3 16995
4 1050
2 7353
3 8189
3 8073
2 16282
2 2594
4 1315
2 542
4 10819
3 15799
4 11646
4 9656
2 6302
3 12189
3 13565
3 15933
4 18984
4 7023
3 12133
3 4026
4 5595
4 17091
2 2684
3 15262
2 6440
3 8672
2 883
3 4601
4 19227
2 10216
4 6670
4 4765
3 17154
3 6830
3 3837
4 4775
3 18514
3 11871
3 7861
4 6978
4 3414
4 12797
2 3250
2 6205
2 2449
3 13820
3 2577
4 3204
2 15659
3 4346
3 3602
4 14163
4 3939
3 15456
3 12550
2 17857
2 13262
4 118
2 11000
4 3127
2 322
2 19065
4 7732
3 573
4 3187
3 12978
3 16664
3 691
4 16670
2 15130
3 10632
4 29
2 4313
4 2884
4 2735
3 12426
2 207
2 12201
2 10951
4 13394
4 10370
3 5847
2 14905
3 11689
2 912
4 8361
3 8145
4 4032
2 11474
4 14702
4 10367
3 11414
4 7832
4 7582
2 15150
2 5220
3 14535
3 11064
4 10868
2 12780
4 2275
4 1176
2 2549
3 4412
4 9641
2 4816
3 703
4 6248
2 12816
4 10876
3 6019
2 17711
3 13630
3 452
4 1839
2 10346
2 19128
4 10548
3 14528
4 7801
2 400
2 14562
4 1321
4 12822
2 1062
4 135
3 2043
2 11038
2 8379
4 3169
3 8138
3 6709
4 16363
4 5010
2 10795
4 9883
2 8668
3 491
3 17700
2 12876
2 3212
4 8549
4 8715
4 18047
3 5990
3 10869
4 3174
4 9702
3 9450
3 14380
3 11435
3 16878
4 3430
3 3732
2 1068
2 264
3 11373
2 13258
4 7415
3 6013
2 2730
3 1261
2 19121
3 14856
2 7752
3 3946
2 7675
4 15100
4 8429
2 17721
2 2825
4 2425
2 16219
4 15830
4 3312
2 3028
4 15313
2 18227
2 18672
2 1101
2 11327
3 335
4 7957
3 15822
2 602
4 8065
3 15890
3 7109
2 7059
2 792
2 12853
4 9016
4 3411
4 14069
2 8693
3 2592
3 12083
2 12825
4 2840
2 4358
4 14218
3 12134
4 1542
4 16383
2 14182
3 6094
2 4510
4 12640
4 18572
4 18182
3 1919
2 13136
4 14680
2 6188
2 6242
4 6274
4 3986
3 2378
2 7736
2 4344
3 3251
4 13666
2 4266
2 5452
2 2280
3 3604
2 6336
4 1535
3 10009
3 5197
4 12007
4 392
4 11515
2 1079
2 7089
3 9093
4 8800
3 8425
2 6693
2 2435
4 16395
2 5566
3 12808
2 4230
2 16826
2 16879
4 6756
4 161
2 13878
4 5821
3 18982
2 7637
3 12741
4 2544
3 1808
3 13921
4 15796
3 17995
4 10593
3 8752
2 4342
2 1718
4 11189
4 2081
2 111
4 12146
2 10997
4 4793
3 6227
3 8862
4 4408
4 3125
4 13476
2 12480
3 3412
2 18982
3 10228
3 7104
2 13900
2 4077
2 19213
3 4695
2 3100
4 15959
2 158
4 4498
2 167
3 2229
2 10654
2 8889
3 7385
3 1631
4 1533
3 13442
3 18545
2 14531
3 3002
2 332
3 3014
2 6160
2 1189
2 15068
4 6086
2 17300
2 351
2 1467
2 12972
4 5042
2 6905
4 5482
4 15265
3 11887
3 5021
2 14317
3 11844
4 11472
4 3198
3 943
3 14593
3 4689
2 2836
3 12241
2 14666
2 6870
4 6370
2 11572
2 14746
2 4350
3 10288
2 16054
3 13052
2 17664
3 16687
3 2480
2 16123
4 4205
2 7224
2 15867
4 14932
2 10425
4 845
2 5896
2 18059
2 98
2 12375
2 2762
2 7761
2 10431
2 7695
3 7804
4 11992
2 18315
3 7889
3 2366
2 5984
3 5791
2 7636
3 14351
3 18106
4 658
2 19154
2 17413
4 10591
4 19123
4 6851
2 6601
2 2428
4 16134
3 8666
3 8089
4 8911
4 1797
2 15014
4 17529
3 1573
4 18646
4 6654
2 18635
4 6351
3 4153
3 7910
4 12959
3 18503
2 10522
3 8114
4 9334
2 14942
2 12077
2 7824
4 9924
4 15249
2 11788
4 13224
4 13323
4 11664
4 16062
3 16685
2 12334
2 1251
3 15777
2 8285
2 5310
2 10389
2 395
2 2327
2 2371
3 2560
4 12362
2 16272
4 18828
2 15944
4 11701
4 13154
2 11718
3 16387
2 5249
4 5396
3 10019
3 11083
4 7339
2 4421
2 9703
4 13355
3 13757
3 7483
4 11009
2 18520
3 9689
3 371
4 4676
3 3725
4 3345
3 5298
2 16413
4 6997
4 15315
3 8060
3 3761
4 4384
3 1077
2 3605
2 14433
2 6609
3 19169
3 6575
4 8678
4 14922
3 12787
3 188
3 12179
3 14854
3 2177
4 18582
3 4686
2 6814
4 3393
3 9789
4 1738
3 6414
4 11303
2 5961
2 17473
4 17943
4 7795
3 14849
4 844
7
