1
5
6
2 8224
2 11365
2 10826
3 15168
4 13089
4 460
3 10149
2 13017
2 17194
3 9530
2 11275
2 12517
3 2123
4 1583
4 11367
4 2109
4 360
3 12427
2 13770
3 6753
2 14309
4 5986
2 169
2 4017
3 15126
2 4318
2 377
4 3375
3 1782
2 3784
2 17421
2 19078
2 8492
2 3943
4 9983
3 16415
3 18862
4 15359
2 9638
2 10009
4 8338
2 13732
4 17612
2 12725
3 14192
3 14552
3 1990
4 15362
4 16070
4 10505
2 12056
3 554
3 8364
4 14769
4 14524
3 4265
4 16
2 7732
3 14831
4 7439
3 14137
2 16352
2 1683
2 9537
3 8245
2 9138
2 10728
2 11501
3 15567
2 17423
3 12446
2 2873
3 16583
3 6779
3 3781
3 16514
4 9433
4 7516
3 4953
2 12257
3 2662
3 1130
4 5121
2 17667
3 9441
4 7210
3 3287
4 13584
3 16427
3 4468
4 3460
3 14457
4 2996
3 1482
2 14183
3 14201
4 8526
2 2210
4 1491
3 8761
3 8250
4 1342
3 7861
4 9179
4 18676
4 6082
4 12342
3 18531
3 4540
2 16763
2 14424
4 16004
4 19192
4 16353
4 14612
2 12935
2 3143
4 3932
4 9830
4 16547
4 13278
3 11270
3 18198
4 14405
4 17537
3 998
3 3009
4 5996
2 16791
3 9076
3 8207
2 9107
2 4487
4 14579
3 1217
2 14910
2 17508
4 588
2 8040
4 17893
4 15714
4 585
3 7628
3 16500
2 8288
3 7185
3 1536
2 8379
4 4604
2 3449
4 16211
4 16743
2 2965
2 6478
3 5090
3 9501
4 18839
3 2581
3 11192
4 15605
2 1253
3 15471
3 11024
3 13791
3 3624
3 3124
4 17931
2 16879
3 3127
3 16462
3 3190
3 15926
3 4254
4 16978
4 12493
2 6424
3 11101
2 10258
3 15123
3 3781
4 234
2 14196
4 2496
4 11823
2 13852
2 3594
4 18411
4 18461
4 3597
2 14188
3 13251
3 10571
4 6708
4 2843
4 6983
4 13003
4 13613
2 10911
4 14695
3 8729
4 7899
2 2179
3 15073
3 13026
4 16654
2 2169
3 16586
4 16743
3 5479
3 7174
2 2408
4 10775
4 11266
3 6809
2 13218
3 16931
4 16767
3 4682
4 15454
4 3587
4 8179
3 17787
2 13311
4 2719
4 18026
2 1527
4 12359
3 1225
4 3012
3 16331
2 15651
4 8538
4 15787
2 3327
3 14083
3 14949
3 14031
3 14414
2 10812
3 14456
4 11549
2 17936
4 2044
4 9919
4 8492
2 2952
3 1422
2 12859
2 10251
3 12648
4 11024
2 18538
2 3894
3 15858
3 5
3 11642
2 1306
3 3194
3 12207
2 18364
4 3956
4 14483
2 3842
3 4246
4 2060
3 554
3 16903
4 6935
2 9530
2 1232
3 3644
2 115
2 17577
3 6381
4 4491
4 8633
2 16996
2 2675
3 639
3 17203
4 10833
4 2710
4 7012
2 17467
3 6776
3 3290
3 8131
4 7953
4 18183
3 14985
2 12715
2 10277
3 11270
3 11256
3 1306
3 18988
2 4857
2 19041
4 19212
2 18647
3 18110
4 25
4 15919
3 12791
2 10585
3 7461
4 2554
2 8296
3 11569
4 9648
2 13185
2 13751
4 9277
3 18785
3 18707
3 7779
4 4998
2 10417
3 8734
2 6601
2 2627
2 12587
4 17617
2 15425
2 13076
3 353
2 16385
2 8861
4 7134
4 7987
3 15250
4 10965
3 6992
4 6429
4 10112
3 5514
2 9408
3 11812
2 12473
4 6389
3 2505
3 8009
4 15970
2 14205
2 19097
3 17276
4 7179
3 7678
2 4991
3 2618
3 7940
2 2842
2 11219
2 7627
4 11721
4 16521
2 753
3 16487
3 1284
3 4523
2 10534
4 4171
2 11015
3 7431
3 1595
3 3986
4 14865
2 15221
2 10636
3 3290
2 18430
2 14182
2 4983
3 3776
4 18345
3 5468
2 14047
2 3363
2 7391
3 8449
3 7599
2 7221
3 4880
2 6284
3 1716
4 11671
3 11863
3 2197
3 9312
4 11443
3 3403
4 1112
3 14086
3 6958
4 4217
2 2186
3 2193
2 5072
2 1660
4 17806
3 14130
3 7716
2 16175
3 11410
2 7990
2 483
3 6157
4 3645
2 4950
4 5202
3 3994
2 19054
3 17375
3 13063
3 13491
2 9286
3 12524
2 9595
2 14053
2 14479
3 14781
4 169
2 2328
4 16519
3 14158
2 5342
3 8139
3 3078
3 9111
3 18537
3 11587
4 11483
3 6769
3 5927
4 17347
3 3693
4 5712
2 11814
3 12965
2 7639
4 1811
3 10306
3 11800
2 975
4 999
4 3538
2 16823
3 18773
4 11179
3 10910
2 7969
4 6452
4 16884
3 2261
4 14425
3 14991
2 9647
4 16272
3 9233
3 15808
2 1142
4 2262
2 4972
2 12901
4 14888
3 7131
4 10423
3 12501
4 3807
2 11848
2 18698
3 7131
4 10257
4 6029
3 3610
2 17074
3 16977
2 14041
4 6906
2 228
2 17558
3 7103
2 3917
4 6128
4 1035
4 6140
4 6293
4 17672
3 2718
4 1513
4 1975
2 16295
2 16742
3 6187
4 14226
2 10890
4 5421
3 880
4 5253
4 416
2 2435
2 15803
4 14948
3 15435
2 2848
4 4210
3 16717
4 169
2 6924
2 436
2 13435
2 12704
2 12206
2 3546
2 8154
3 11124
2 6308
3 18548
4 16587
4 14469
3 8279
4 18105
2 4442
4 2317
3 2816
4 11883
2 10059
3 945
3 10462
3 9521
3 12840
4 17614
2 552
4 15093
3 11840
2 17834
3 13797
3 16818
3 15861
3 3785
4 6385
2 7634
3 14985
4 13427
2 13028
3 11322
3 11552
2 2119
3 11065
3 11179
2 6022
3 8764
2 3717
3 12309
4 6188
2 6165
2 1703
3 6655
3 1822
3 8202
4 7520
4 11929
2 2034
4 11622
3 17473
3 7286
2 5553
4 2494
3 5140
2 15389
3 14909
2 11561
3 5962
3 10058
3 12906
2 13855
2 9740
3 11206
4 2596
4 15525
2 1691
3 7776
4 626
3 669
3 9395
3 4600
4 15557
3 11741
2 2862
3 1898
3 14825
3 15781
2 1107
2 9028
3 5951
2 5813
2 8703
2 1256
4 12974
2 15270
2 1343
4 8802
3 3080
4 11619
4 5629
2 574
3 15308
3 14989
2 11838
2 7115
4 17167
4 15575
4 14997
2 17518
4 9361
3 13202
2 9589
2 11041
2 8949
2 2977
4 14617
3 4025
4 12767
2 7912
4 13059
2 4923
2 6471
3 5977
4 10570
3 1232
4 6872
4 12955
4 9707
3 14939
4 6736
4 4394
3 13678
3 3757
2 18317
3 8130
2 17860
4 6460
4 17209
2 13929
4 13214
4 4665
4 5682
4 18979
4 12830
4 5671
4 18534
2 7952
3 12023
4 13879
2 18760
2 12268
4 16399
3 8741
3 16327
2 12973
2 12980
3 2242
4 11251
3 8127
2 17876
3 454
2 14064
2 15794
3 9788
4 12373
4 5360
3 15649
4 18054
4 9794
2 1983
3 8417
4 4491
3 8548
3 16496
4 1674
2 2066
4 358
4 3547
3 2173
3 122
3 11465
2 10975
4 4725
3 12179
3 13987
4 3351
3 337
2 17465
2 16108
3 1108
4 6513
2 16783
3 18120
3 16370
3 12300
3 6197
2 14932
3 10829
3 6001
3 14038
2 11900
2 8833
4 2838
3 10149
2 14984
2 12735
3 11419
2 12690
4 10860
4 1796
4 7756
3 10361
4 16208
2 13870
2 7249
4 2236
3 17799
4 12314
4 1522
3 13396
3 16804
4 10764
2 19216
3 3130
4 11959
3 5106
2 14408
3 14696
3 9576
4 9382
4 19004
4 2690
2 7041
4 14737
4 3740
4 4374
4 14178
4 11810
2 12910
2 15143
3 17391
4 4067
3 12846
4 9914
3 5193
2 788
2 12333
2 10385
3 10634
3 17317
2 1737
3 11459
3 2081
3 7726
2 1974
3 3184
3 4110
3 1226
2 9830
2 411
3 12674
4 7812
4 11296
2 3610
3 11286
4 1270
3 12609
2 3433
4 18590
2 8469
4 7276
4 5099
4 5514
3 3671
2 192
4 12076
4 5762
3 16941
2 8385
4 9542
3 15405
3 16730
2 8109
3 10577
4 19183
3 2249
3 13681
3 14199
3 3045
3 7446
4 18888
3 15782
3 13181
2 14234
3 13332
3 11317
2 16174
3 17675
2 2462
4 8367
2 11139
2 15285
2 3781
3 12642
3 1341
2 18878
4 13703
3 8026
3 18019
3 7136
4 8871
4 15898
3 10194
3 12814
2 10132
2 14532
3 8420
4 1958
2 6394
4 10072
2 8392
2 14658
4 10027
4 8887
2 1715
3 17552
3 9840
3 15664
3 1164
3 18718
3 15339
4 10750
3 220
4 8886
3 17197
4 15684
4 1221
3 17937
2 13855
2 4346
3 13344
3 12494
4 18334
2 8322
4 16909
2 14956
2 18588
2 12929
2 11824
2 15882
3 17884
2 1744
3 17882
2 8935
4 6125
2 9762
3 12242
3 17238
2 8339
3 8949
2 2532
3 12645
2 7399
2 17293
4 14141
3 15811
2 5860
4 8742
2 2009
2 9822
2 7890
3 15309
3 3975
4 6944
4 7349
3 2300
2 17033
3 989
2 9981
3 8882
3 9420
4 6449
3 7708
2 1487
4 14384
4 3698
3 13482
3 10778
4 11377
2 16297
2 6347
2 16519
4 1264
3 8372
4 6865
3 9653
2 4842
2 1928
3 18759
4 19145
2 3
2 1384
3 13938
2 13150
3 3760
2 12544
2 7934
4 11245
3 11397
2 15202
2 16242
4 15954
4 16795
3 3352
2 19179
3 9477
3 8975
4 13066
2 13063
3 15431
4 18038
3 16750
2 18095
4 773
4 1248
2 16464
3 9436
3 15914
3 1069
2 10695
3 11550
2 4778
4 1428
2 4491
4 6141
2 2262
4 18894
2 5419
4 19087
3 10903
2 18888
2 2824
3 6413
3 1057
2 17195
2 1473
2 9340
4 1248
2 4749
4 1466
3 12479
2 15320
4 17224
2 12126
4 19107
3 7134
2 1775
2 15835
4 18712
3 4345
3 1721
4 8683
2 2150
4 10583
2 11779
2 545
3 11932
3 16057
2 1930
4 3118
3 15026
3 16450
2 6611
4 5125
3 756
4 17783
3 1742
3 8200
4 12626
3 11571
3 8229
3 7647
3 3622
4 5445
4 8218
2 8870
2 12399
3 4313
3 13470
2 13280
4 420
4 8977
3 8223
4 10717
2 3219
3 9475
3 15362
3 4760
4 11411
4 4699
3 14826
2 16673
3 11218
3 2021
4 9201
4 12878
4 7624
2 18682
2 5366
4 16046
4 391
4 5212
2 600
3 12979
3 4181
4 5561
4 330
3 10893
2 11217
4 15403
3 15788
2 8588
3 559
3 5031
4 10822
3 14766
4 4808
2 12949
3 13550
4 9444
2 16085
4 7628
3 13854
2 9528
4 13653
3 18412
3 19148
4 6956
2 11079
4 2263
4 11067
3 4421
4 6260
4 6321
4 4991
2 5379
3 12125
2 7349
3 11512
3 138
2 13918
3 9246
4 16112
3 1827
2 4307
2 9787
3 15298
4 4827
4 10230
3 15375
3 11741
3 13352
3 1679
3 13271
2 16805
4 16874
4 4624
2 16995
2 15535
4 4585
3 13499
4 13770
3 7190
4 15228
3 2218
2 5241
3 9558
4 8090
3 2836
4 5351
2 3624
4 9637
2 924
2 18722
2 13672
3 8046
3 15341
3 16004
3 14265
4 16735
2 3282
3 9453
4 3905
4 1556
4 11631
4 16402
2 212
4 13864
4 18336
4 2888
2 7079
3 9669
2 17488
2 16581
4 18686
4 15010
4 10406
3 3917
4 8939
3 3636
2 16858
2 15551
2 19010
3 18271
2 10616
4 6307
3 17886
4 18186
4 17955
2 5633
4 2690
4 11823
3 10612
2 15103
3 17875
3 3472
3 4077
2 14701
2 9724
3 9655
4 3880
3 6101
4 3843
4 12078
4 3618
2 14606
3 5483
4 17425
4 638
2 3989
3 8711
2 12410
3 11533
2 667
4 17907
4 15233
2 2502
4 13274
4 5539
3 2408
4 4708
2 3333
3 560
4 1437
4 14318
3 9337
3 16282
3 12287
4 11328
4 10280
3 2241
4 473
2 17180
3 2601
3 3115
4 9128
3 14804
3 7437
4 10916
4 17766
4 14326
3 5956
4 17971
2 10813
2 11443
3 3593
3 13350
3 12198
3 13896
4 17259
3 4103
4 9335
3 5340
3 15256
3 12851
4 1973
4 3971
3 16201
4 673
2 5110
3 14366
2 15639
3 14736
4 2352
4 15633
2 4509
4 8204
3 146
3 11358
3 13372
2 15669
4 1789
4 11156
3 14915
4 18492
4 13943
3 8762
2 3397
3 7836
2 9477
2 16260
3 17384
3 15582
3 15447
2 3733
4 3937
4 17119
3 12263
4 17812
2 6744
3 12518
4 13940
2 15858
3 6459
2 17651
4 17677
2 16675
2 5840
2 10588
4 16854
2 2387
3 15026
2 18249
2 15204
2 5169
3 5110
4 11198
2 2736
4 15247
2 8673
4 4384
3 14852
2 18383
2 13178
4 18559
3 8737
3 275
2 3635
2 10742
3 9073
3 8925
4 3109
3 12783
4 1441
3 3052
2 5724
3 2677
2 3476
2 18203
3 9880
2 17790
4 18476
4 4534
2 14432
3 13672
3 2603
3 17629
2 11989
3 2429
4 11318
2 2248
2 14649
4 9235
3 15581
3 17742
3 8291
3 18952
2 12733
4 10707
4 5646
3 12755
3 7481
4 381
4 13949
2 9506
4 9220
2 888
4 687
2 17644
4 4721
3 6504
3 1160
2 6594
2 19007
4 1544
2 3442
3 16341
2 14893
3 7302
2 17896
3 2994
3 5829
4 160
3 6243
2 11154
3 106
2 1935
3 790
3 16184
4 14158
2 12184
2 3818
2 12800
2 2293
3 15416
4 7904
2 18334
4 4166
2 14308
2 1495
2 17167
4 14454
4 15319
3 15379
4 191
2 1880
4 2062
3 7497
3 18156
2 542
2 14591
2 7826
4 7095
4 2209
2 12112
4 8586
4 17068
3 3369
3 15082
4 9428
2 12754
3 863
4 6925
4 6925
4 5417
4 16719
2 17671
3 17095
4 11058
4 17790
3 9231
3 18066
4 5212
3 7884
3 4521
2 9350
4 15934
4 15908
2 9051
4 5744
3 8256
3 18170
3 12825
3 19057
4 2605
4 165
4 3163
4 3115
3 1358
2 17369
2 14632
3 7674
4 2045
2 15416
3 8648
4 17656
2 9079
2 13167
3 6121
2 15478
4 3986
4 17560
3 1572
4 684
2 16469
4 2107
3 7623
4 16675
4 7098
3 10246
2 4258
4 2612
4 13027
3 15762
2 13007
2 4594
3 13098
3 14560
3 9578
3 11911
2 7108
4 3284
4 14342
3 13207
2 13657
4 2782
3 16236
4 10348
3 13473
2 9841
2 11256
2 9630
3 1526
3 2460
4 3229
3 6968
4 11054
3 128
3 15250
2 17759
2 5319
2 7226
3 878
4 8473
2 179
2 2661
3 2798
4 4851
2 16579
2 8918
4 402
3 3320
4 9491
3 2355
4 18011
3 6183
2 8514
3 202
2 5683
4 10897
3 7292
2 16494
2 4389
2 15221
3 14061
4 746
3 1156
3 8117
4 6490
2 4657
4 9633
3 730
2 18804
4 17649
2 14497
3 14905
3 3168
2 4841
3 11616
2 10847
3 7417
3 16281
3 10852
4 16201
3 14249
3 18279
3 15755
4 16900
4 13626
3 16571
3 1351
3 6683
4 18087
4 13012
4 9236
2 10266
4 15649
2 18223
3 18473
3 8816
4 17707
4 8314
3 15647
3 8754
4 6339
3 6741
2 19051
4 18171
2 5674
2 6709
4 5110
2 14419
2 6713
4 16896
3 11301
2 13127
3 6508
2 9847
4 3612
4 16012
2 17213
2 7209
3 5380
3 18753
3 11148
4 15348
2 14818
4 11451
2 18604
4 8368
3 10534
4 4828
4 6196
3 16238
2 918
3 9476
4 10504
4 14955
3 18174
4 14632
2 7909
2 7477
4 8929
3 351
3 9081
3 11834
2 13132
4 10993
3 16981
3 10981
4 15310
4 1845
4 14687
4 7684
2 17410
3 6033
3 10767
2 10515
2 8285
3 18379
4 8326
3 17067
2 2096
3 10816
2 6677
3 5767
4 5286
4 5682
3 12556
4 10576
4 12550
2 796
4 15555
2 13543
2 7420
2 15637
2 1203
3 781
3 19013
2 8026
2 8545
4 2996
3 6197
2 14113
4 1755
4 7713
3 14708
4 1835
3 14157
3 4699
2 10908
2 3833
3 8978
2 7282
2 12154
3 691
4 594
3 8713
2 12160
2 8908
3 1947
2 15837
2 2427
2 17102
4 19134
2 12424
2 4682
3 16387
2 16448
4 6216
4 11355
4 16650
4 13760
3 2335
3 17752
2 13325
4 391
3 13372
3 3474
4 10947
2 161
2 917
4 17434
4 14040
4 5045
2 12495
2 3155
3 12710
2 17533
2 19069
2 19012
4 8945
2 6308
2 18671
2 15495
2 16551
3 13202
3 2450
4 8303
4 5623
4 1348
2 16360
2 13395
2 17270
3 3521
4 12836
4 143
4 1212
2 15923
2 8058
3 7712
3 2318
2 10969
2 1909
4 18906
4 2317
4 5033
4 9947
4 16704
3 7412
3 7205
3 14250
4 3095
2 8543
2 16128
3 15468
2 2089
3 3135
2 894
3 5438
4 2420
4 17908
3 11058
3 5785
3 8088
4 2657
3 2390
2 17765
2 13615
4 4532
3 17708
2 11870
3 11062
4 13118
3 9389
3 2569
3 8740
2 8557
4 11061
2 8651
2 7796
3 14197
3 9479
3 2321
2 6647
2 384
4 8845
4 1193
2 14016
2 4403
4 8727
3 4790
4 12561
2 15911
2 3598
3 10125
2 15951
4 1523
2 11187
4 9957
3 12643
2 4635
4 14208
3 13146
3 6074
3 2530
4 5371
3 7830
4 18521
4 661
4 4449
2 10433
2 11134
4 3520
4 11894
3 15872
4 12390
4 4586
4 18828
3 9595
2 9727
3 6584
3 12876
4 9670
4 12887
4 425
2 6160
3 10204
4 7078
3 16824
3 11509
4 10266
2 8145
2 8658
4 15255
3 18278
2 2128
2 9973
4 15980
2 7620
4 3926
2 15278
3 9181
3 5297
3 1055
4 18835
4 15899
2 15273
3 11999
4 4459
2 10245
2 13197
4 1060
2 7335
4 8542
3 12540
2 11980
2 13152
2 7796
3 15004
4 14746
3 18511
3 7161
2 7588
3 5973
2 1157
2 15926
4 5376
3 17799
4 950
4 529
3 13417
2 952
3 10997
3 15336
2 14960
2 17629
3 6320
3 8485
4 5051
4 5132
4 977
3 9954
2 14114
2 18792
2 10477
3 9998
4 1659
2 13660
4 8573
4 11426
4 10231
3 9972
3 4495
4 3084
4 4679
4 4262
3 6794
2 12437
3 15260
4 1061
2 11804
2 8755
3 16868
4 2819
2 3730
2 3008
4 16851
2 11221
3 5146
4 4703
2 14760
2 11224
3 8299
2 18379
4 9692
2 12792
4 4319
2 3517
3 7079
4 17940
2 18636
2 1337
2 2425
4 14869
4 13914
3 15317
3 17094
3 12867
4 17677
2 15759
3 7164
4 16896
3 14988
3 3432
2 18008
2 2040
3 17660
2 8133
2 9064
2 12900
3 258
3 12223
4 7327
4 4184
4 4912
2 3470
3 1715
4 1629
4 19022
4 14504
2 2279
2 3038
4 17477
3 7822
2 5724
3 6755
3 7335
2 14819
3 3663
4 6253
2 3446
3 16909
3 12857
3 14806
3 8806
4 4186
4 17040
3 8410
4 9276
4 9864
4 5582
4 13719
2 1988
3 17081
4 1959
2 1296
2 2611
2 2849
2 11360
3 6008
4 7563
4 5577
3 10823
2 12164
4 12258
3 13538
3 7837
2 4486
4 8744
3 258
3 6178
3 9149
4 11659
4 19099
4 7015
4 17861
4 9630
2 15691
2 13722
4 18732
3 15901
4 12977
3 11864
4 11977
3 4778
4 12322
4 2323
3 10203
3 16799
2 6626
4 13992
3 10042
4 8621
2 322
3 18725
4 11120
2 10472
2 14737
2 11709
4 13100
4 4684
2 15917
4 11828
2 8697
3 1833
4 15331
2 18718
3 2628
4 10048
2 15083
3 2383
2 13287
4 6030
2 2844
2 13100
2 16229
2 6364
3 4537
3 9623
4 12083
3 4625
3 16554
3 2753
3 4454
3 11352
4 11597
2 14567
4 18251
2 1789
4 18725
4 5282
4 9204
3 1074
3 13364
2 7305
3 525
4 15396
3 8402
4 15772
2 5617
4 4948
3 17104
2 18328
3 6843
3 8240
4 3327
4 8799
3 9690
2 15893
3 11101
3 11667
4 2249
2 18645
3 16105
4 1054
3 13988
2 5860
4 3461
3 1534
2 16139
3 9708
2 4883
3 4988
3 18663
2 17892
3 1683
4 16690
3 13277
4 13262
2 4075
2 10041
4 16143
4 18787
3 17226
4 14824
3 19063
3 4397
2 18
3 10279
3 4184
4 17366
2 6136
4 10503
2 18609
2 11442
4 19067
3 10429
2 3185
4 10333
4 3254
2 4680
4 18430
4 18128
2 18016
3 3960
4 13081
4 12981
3 3748
4 11689
4 6887
2 8254
3 11435
2 4604
3 15280
3 6626
2 8144
2 7849
3 15979
4 2534
2 1628
3 18125
3 14472
2 5019
3 7780
2 884
3 10385
4 17321
3 861
2 2335
2 14802
2 12853
4 12392
3 11194
4 11934
4 16155
3 14979
4 19178
4 10163
2 1148
3 14899
4 8589
4 8735
2 18317
4 16217
2 13864
3 17971
4 12091
3 14638
2 7998
4 5700
2 12782
4 5721
3 14084
2 2041
3 12137
2 5541
3 18221
4 10522
4 16907
4 18380
4 8526
4 15341
4 8889
2 13524
4 14037
2 10260
2 5599
2 15067
4 89
4 11997
2 5227
2 7633
4 13670
2 7763
3 12661
2 297
3 8657
4 8974
3 11728
4 10610
4 18298
4 3725
3 14916
3 1353
3 2142
4 1817
4 15378
2 1567
4 13882
4 2223
2 14908
2 161
4 5725
4 15611
4 463
4 12879
4 4933
4 6715
3 14744
4 13633
4 14006
2 7411
4 17970
2 3554
3 17837
4 372
2 18492
4 6313
3 5187
4 17019
3 1219
4 17152
2 16001
2 10715
4 17046
3 6686
2 11913
3 15619
2 16204
3 18871
4 14490
2 13485
4 5605
4 18316
2 6363
4 14945
3 17673
2 988
2 8483
3 11478
2 1422
2 13649
2 4506
3 14329
4 16922
2 9710
2 9355
3 8579
3 15593
2 11091
4 8260
4 17295
3 2400
4 2099
3 4527
3 9478
3 360
3 4071
4 18005
3 5907
2 6739
4 16468
2 739
2 8441
3 9786
2 14418
3 2324
3 15134
3 6233
4 5382
3 13715
2 12526
4 4901
4 1284
3 6843
4 766
3 3348
2 17518
3 3105
2 552
2 5164
2 1630
4 15052
2 16210
3 14954
2 17754
4 10697
3 18806
2 19025
3 3775
3 10680
2 12121
4 1559
3 4762
2 14383
4 16743
4 14760
3 12899
2 7785
2 16810
4 10095
2 19129
4 19232
3 10879
4 14901
3 12310
2 3513
4 16922
2 6421
4 1185
3 2113
4 14155
2 17021
3 10128
2 13429
3 8512
2 12138
2 11769
3 488
4 9294
4 13726
2 2377
2 2083
3 1087
4 18358
4 17142
4 15118
3 1044
2 9239
4 16868
2 13213
3 11253
4 19199
2 4073
3 9859
3 8398
3 9240
3 16073
4 14279
4 4829
2 17205
4 9893
2 7683
3 17415
4 9983
2 14602
2 16898
4 7442
4 5951
3 6463
2 10453
2 15180
2 11075
2 13979
3 14173
2 7887
3 13279
4 12225
3 18325
2 9201
2 11277
3 3264
3 14963
3 11999
3 10520
3 8608
3 17769
4 3488
2 3797
4 3230
3 7660
2 7507
2 10355
3 16388
4 16135
2 8470
4 176
2 3812
2 3292
4 13149
3 5246
2 17149
3 15493
3 8735
3 6859
2 14479
2 6229
4 4275
2 14256
2 2921
4 10825
3 6202
4 2971
3 14798
3 10739
2 6631
3 9581
4 7603
2 10454
3 18671
3 18583
4 1492
4 1836
2 8790
3 8280
4 16780
2 18933
2 8461
2 14570
2 18103
4 17464
2 11880
2 15535
3 4390
3 3114
3 8460
3 13837
4 9996
2 10770
2 146
4 6789
2 13800
4 9693
3 14636
3 14978
3 14138
4 5508
3 15071
2 4885
2 14458
2 15417
3 1360
2 1396
3 9830
3 14658
3 13040
3 11010
2 6951
4 6421
3 12015
2 457
2 13389
4 1794
4 5932
2 18722
2 7570
2 10783
3 18141
2 17968
4 5581
2 15533
4 125
4 9916
2 2737
3 12807
2 15311
3 2960
3 14293
3 18052
2 17816
2 9719
4 6079
2 11675
3 6087
3 13689
4 6185
3 417
4 1188
3 7226
2 1652
3 1947
2 17029
4 4706
4 3863
3 14799
3 14974
3 13461
3 5806
4 9559
4 15983
3 8184
4 16469
3 4341
4 6522
2 8777
3 18475
4 93
2 18940
2 15794
4 16908
4 18336
3 15069
3 17437
2 13886
3 11150
4 3973
3 11653
2 1745
4 10630
2 17086
4 17904
2 4127
3 12375
3 19032
4 2832
4 9225
4 18406
2 16507
2 5099
2 15152
4 4264
2 13573
2 2532
2 14502
3 3365
2 18149
2 5359
4 8546
4 8316
4 19027
3 11426
2 10605
4 4320
2 2318
2 7386
2 19026
2 1532
4 17235
2 11635
3 3135
4 16773
3 18910
3 12822
3 181
4 16265
2 19098
3 6599
4 3795
4 16935
3 5884
2 5346
4 14873
4 6849
2 12623
3 9075
3 13495
4 6996
4 6524
3 11168
4 12428
4 15141
3 8871
3 13308
2 14530
3 6446
4 16293
4 4336
3 4909
3 9985
2 6545
2 17489
3 809
4 8281
4 8911
2 5170
4 4530
2 17827
2 18436
3 1849
3 6662
3 3357
2 15122
4 17710
2 9995
3 18766
4 11146
2 7374
3 5532
4 487
4 11266
4 1222
4 4084
4 11917
2 18240
3 3754
4 149
2 5757
4 1626
4 10741
3 10172
2 1375
3 3782
3 16634
3 17583
3 523
2 6682
2 6450
4 14608
2 17665
4 3809
4 2439
2 9931
4 5398
2 11165
4 10461
2 8253
4 3385
2 16822
2 3209
2 3489
3 18042
4 3703
3 14972
2 7489
2 15955
3 12326
4 13315
4 13249
3 2833
4 13679
4 14320
3 8724
3 11663
4 8248
4 11222
2 8178
4 8541
2 16099
4 18166
2 5248
4 10098
2 522
3 14898
4 8539
4 3265
3 6562
3 2401
4 2420
3 1867
4 4015
3 10827
2 13485
4 11740
4 1032
3 3811
4 16597
3 9516
3 17746
4 9535
4 2464
4 10129
2 14632
2 4944
2 18766
4 18983
4 9214
3 8675
3 2633
2 2152
4 6429
2 18467
3 14346
2 9755
4 14336
4 7367
2 8492
3 3004
2 15607
3 11649
3 1385
2 17097
3 3814
3 12135
3 15353
4 3439
3 17372
2 1434
3 6723
2 4099
3 10065
4 10933
2 11888
4 14038
3 2317
3 8705
3 12843
2 17306
2 14898
2 6797
3 15434
4 11756
4 6008
4 13333
3 12201
4 11123
3 6998
2 11494
4 17354
3 15032
3 4263
3 16349
2 60
3 15599
3 82
3 13322
4 15463
4 13568
4 7529
4 4365
3 14280
4 9275
3 14017
3 8604
4 19144
2 1049
2 3356
2 16103
2 14523
2 12508
2 11928
3 2253
3 7369
3 15499
4 5726
4 4410
4 18983
3 223
2 3693
3 18517
2 15838
3 19011
3 6400
4 9639
3 15373
4 8065
4 1458
2 10633
2 11852
3 13453
2 8159
3 9745
4 16713
2 7107
3 16909
2 16508
4 3732
4 9278
2 7304
2 18641
4 13502
4 5800
3 7939
2 14262
3 6899
4 12821
4 7745
4 239
2 13034
4 12554
4 6321
3 16941
4 7279
2 2530
4 18144
2 6360
2 7548
4 12273
2 18312
3 11645
3 13626
2 10479
2 19092
3 12057
2 15232
3 7729
4 10083
3 5585
3 2982
3 3061
3 14293
4 11965
2 17747
4 6670
2 11990
2 17603
4 4018
4 9531
3 12554
3 13599
3 18146
3 10771
4 7349
3 12137
3 14808
4 8795
3 12920
2 2606
2 7342
2 17709
2 8172
4 8360
3 4712
4 14630
4 15517
2 16136
3 987
2 18506
2 9762
4 8319
3 15204
3 17571
3 16623
4 5762
3 9349
4 18652
2 1213
4 18937
3 3540
4 4425
3 6677
2 8490
3 14995
2 10163
2 5175
3 18470
3 4170
2 3471
3 10706
4 7156
3 17406
2 12579
2 14978
4 9612
2 643
4 5029
3 5796
4 6839
4 6879
2 15772
3 15705
4 11543
2 19220
3 3881
4 9497
3 15839
4 7235
3 18350
2 16863
4 4892
3 5733
3 4260
3 7747
3 10463
4 8650
4 796
3 19065
2 11994
4 621
3 3876
3 11498
4 13965
4 13460
4 12309
3 8497
3 14947
2 14701
2 6453
3 16813
3 11109
2 4332
2 16786
4 14935
2 17881
2 6261
3 8711
4 8162
2 15134
2 4012
3 15367
3 3084
4 17334
2 16706
2 16549
4 3951
4 11569
2 12666
3 18579
3 7475
3 19211
2 14937
4 9885
2 9287
4 3506
3 18367
4 19108
2 13253
2 4710
2 10234
2 10826
3 6279
2 14463
4 4983
4 13671
2 14264
3 3922
3 4735
2 11590
2 9898
4 6836
4 15326
3 5237
4 5250
3 460
2 11327
3 2096
3 7864
3 3190
2 17393
3 5059
2 5033
2 3821
2 17577
2 10639
4 18471
2 5681
3 9131
3 1043
3 6300
3 1132
3 15637
3 14987
3 6253
4 1726
2 13222
4 2723
2 12410
4 6748
4 17916
2 1566
4 8015
2 18903
3 10166
3 11594
2 1755
3 2477
4 3628
3 18987
4 12375
3 11122
2 12759
3 12174
2 8691
2 10006
4 8327
2 19087
2 11692
2 2449
3 14733
2 2118
4 16786
3 16186
4 18225
4 10072
4 9940
3 10662
3 14675
2 7837
2 7748
4 17268
4 6880
2 5316
4 12880
3 15331
2 7360
4 1654
3 12091
2 17993
4 16720
2 14280
2 12067
3 6626
4 7872
4 1979
4 6232
3 11563
3 3080
2 2638
2 4745
4 707
2 10089
3 7992
3 14762
2 1009
2 3737
4 7280
4 3058
3 14345
4 5880
3 16216
2 2750
3 1674
4 9488
2 14207
2 10219
4 18502
4 3009
3 306
3 7130
4 15142
4 12762
3 9036
4 10343
2 798
4 7765
2 17359
2 1342
2 10020
4 12272
4 5276
2 6452
2 5966
2 2565
2 3192
2 9756
3 6596
2 11138
2 13935
2 7799
4 2741
3 7891
3 4638
3 14689
2 18786
4 18943
4 15030
4 3586
3 17634
3 13107
3 17356
3 9902
2 6556
2 10581
2 17136
4 10332
2 5362
3 6314
3 2595
4 8575
2 1669
3 10177
2 8330
3 823
3 2479
2 17855
3 13004
3 9533
4 12909
4 13647
3 10773
4 16427
2 6916
3 4333
4 10569
2 11570
3 6359
2 16464
2 8645
4 19161
2 13633
4 8002
2 2250
4 10130
4 15575
2 6418
4 4070
2 18169
4 12721
4 2270
4 11263
3 17972
2 5347
4 7076
3 4430
4 14664
2 5885
2 1731
4 16002
4 13408
2 16359
4 14061
2 1247
2 17623
4 7706
4 9573
4 9975
4 18188
2 7256
2 9725
3 9787
4 4337
2 9695
2 2155
4 16929
2 4645
2 6836
2 17326
3 17232
4 844
2 4167
4 10379
4 7122
4 5418
3 7332
3 11112
3 6835
4 17210
2 12432
3 4590
3 1889
3 5483
4 11585
3 12385
4 12836
2 14989
2 18474
4 12777
4 6566
3 16957
2 6412
2 4207
2 9071
4 15827
3 6560
4 10768
2 15922
4 16929
3 10890
3 7766
3 12758
4 17902
4 9839
4 15966
4 3947
4 13226
4 1095
2 9390
4 10323
4 18794
4 1747
3 9473
4 5750
2 954
4 7523
2 5172
2 8518
3 17185
4 13234
4 15199
4 10505
4 3297
3 16077
3 11470
2 18850
4 8948
3 15340
4 18929
2 6031
3 16773
4 13804
4 19197
2 18442
2 14603
4 1568
2 10283
4 13219
2 18425
2 14487
2 18671
3 10127
3 11339
3 12163
4 2060
3 8641
3 3851
3 9032
4 13351
2 1837
3 14809
3 16334
3 1846
3 7649
3 9975
3 2934
2 12120
2 743
3 13279
2 14138
3 12100
3 8126
2 4276
4 7282
4 305
4 12959
4 16349
4 2373
3 1496
3 17284
2 15243
2 2253
2 17563
2 3614
4 13030
4 5856
4 7132
3 17006
3 18578
3 7535
3 5748
2 3129
3 6508
4 5766
4 16050
2 11852
2 7566
4 16592
3 16491
4 13547
3 544
4 6653
4 9725
2 12679
4 5310
3 7609
2 12322
2 9097
4 4266
2 4089
3 10846
3 8362
4 18327
4 7389
4 3976
2 914
2 17085
4 12214
2 18310
4 11811
3 18978
3 2459
4 1499
3 18600
2 10909
2 10023
4 11341
4 15700
3 16709
3 17136
3 7666
3 10798
3 1238
4 2081
3 5325
3 16676
2 104
2 11693
3 1391
4 15926
3 93
4 13683
2 12162
2 5183
4 1467
2 10378
3 14222
3 18833
3 3229
2 5872
3 15112
2 15418
4 9892
2 9003
3 5896
3 4279
3 15987
2 5001
2 6865
4 4931
2 1203
3 4097
4 14105
3 5612
2 17008
2 7006
3 7030
2 15955
3 2868
4 8734
3 16257
3 18548
2 16631
3 7742
4 15744
3 489
3 12812
2 16978
2 14424
3 1448
2 126
3 7188
4 18621
4 15365
2 4691
4 9556
3 18247
3 10476
3 12549
2 12661
2 14562
2 14800
3 6979
2 1027
3 12953
2 12147
2 2735
4 10944
3 14437
3 13811
2 7622
3 2916
4 2240
4 13642
4 15932
3 2901
3 14200
2 9998
3 2570
2 1364
4 3800
4 9227
4 3773
4 3773
4 12740
3 16454
2 8448
4 10535
2 7401
2 11385
3 6753
3 13492
3 15854
3 18963
3 3175
2 8268
4 15231
3 1812
3 16714
2 6632
4 742
3 7342
2 4973
2 13416
2 9938
2 11404
4 12308
4 12922
4 2655
4 19186
2 1186
2 3635
2 15374
3 16046
3 4359
4 10718
4 17597
2 2151
4 15853
4 5738
3 12498
4 6231
2 13486
2 17660
2 409
3 2167
4 5613
4 1383
3 15980
4 15454
2 3426
4 10730
2 17368
4 18796
2 6255
2 12359
3 9564
3 12285
3 14795
4 16109
2 11274
4 134
2 1382
3 925
2 8002
3 13630
3 10682
3 17437
3 16738
2 19027
4 1339
2 3335
4 1922
3 8876
2 7677
4 16724
2 10666
3 15509
4 879
2 5707
4 18877
2 6319
4 6848
2 7229
3 5514
2 13487
4 16814
3 18439
3 8139
3 16629
3 14612
2 5241
2 14159
2 9490
4 3854
4 1361
4 3719
2 15701
3 16601
4 1785
4 15098
3 4379
3 14785
4 16482
3 15498
4 4422
4 18199
2 10034
2 7341
3 12730
3 7307
4 116
3 10634
2 6894
3 478
3 19207
3 5986
2 9272
3 16745
4 8288
2 2231
2 12057
4 11326
2 18062
2 14028
2 12137
3 3314
4 16685
2 10559
4 9227
4 14398
4 4916
2 11728
3 12247
4 1365
4 3256
3 14555
2 3472
4 2036
2 2091
3 6413
4 4315
4 4358
3 13523
2 18412
2 17430
3 8235
3 12007
4 8649
4 16119
4 3560
2 9843
2 6670
4 16093
2 2166
4 14264
3 3327
3 3583
2 2874
3 11885
2 11299
3 7446
3 5819
4 15268
2 2489
2 818
2 18270
4 7989
4 14651
2 18950
3 7027
3 5656
4 2707
3 8705
2 16539
3 256
3 17254
4 6768
2 12860
3 6491
3 7095
4 7579
2 17792
4 18693
4 17536
4 8605
4 5318
4 7116
3 13482
4 1896
4 4364
2 6071
4 2833
4 1831
4 4566
3 17340
3 7016
2 9494
4 16767
4 12482
4 9618
4 6148
4 9021
2 1130
4 3836
3 13209
2 7322
3 4222
3 7046
2 15591
2 17651
2 1806
4 9410
2 10703
4 7545
4 11577
3 3177
3 17862
3 6256
4 10143
2 18342
4 5663
2 9286
2 5076
2 9472
3 703
3 14996
3 1005
4 13608
2 1704
4 5873
4 10417
3 3045
2 17449
4 11500
2 4552
3 14693
3 13478
3 4344
2 2896
3 3206
4 10600
3 18195
3 9327
2 5653
4 11080
2 6712
3 6883
4 17219
3 15676
3 13025
3 12486
4 13823
2 12029
3 5630
4 1881
2 2504
3 9160
4 9851
3 6030
3 6930
2 12888
2 16515
4 13598
2 14110
3 5055
3 2805
3 2107
2 11813
2 16778
4 10016
2 14304
2 11501
3 7930
3 7429
4 1483
2 1498
2 3622
2 15628
3 10325
2 7141
2 9349
3 5613
2 12862
2 14202
4 6957
2 11652
4 17996
4 4715
2 9050
4 255
2 2674
4 7699
3 14357
2 12725
4 14976
4 9547
3 9069
3 7887
4 18537
4 13201
3 934
3 14804
2 3163
2 8879
3 6145
2 6015
2 17113
3 4757
4 15520
3 10650
2 16609
3 15829
2 12970
4 2186
4 13062
4 17672
4 2819
2 11749
4 14678
4 2841
3 10207
3 12943
3 1523
2 15705
4 1744
3 127
3 3481
4 12469
2 3353
3 18041
2 18102
2 11834
3 17045
4 19207
4 15862
4 3425
3 6680
2 9225
4 12399
4 2032
3 18362
4 2370
4 13827
3 12405
4 13427
3 12329
3 16827
2 9273
4 8167
2 10009
2 335
2 2247
4 9002
2 11121
4 10201
4 13132
4 4166
3 13239
4 1430
3 15781
4 241
4 18450
3 18815
2 3088
2 7295
3 17323
3 10271
3 16404
2 19060
2 9744
4 2585
4 7373
2 7171
4 2680
4 2884
4 15767
3 3414
4 12803
4 5087
2 2425
3 14035
3 8375
2 8352
4 18964
4 7475
4 13778
2 3312
2 15332
4 3365
4 14925
2 10081
4 10988
4 9057
4 8130
4 15851
3 10876
3 1707
4 16537
3 15454
3 19110
2 14576
4 10647
2 5507
2 8597
2 13300
3 12577
4 7428
2 12323
4 12946
3 10958
2 18025
2 11015
3 17755
4 12188
2 7347
3 1875
3 9878
4 4946
3 14407
4 9237
3 7335
3 17518
3 17258
3 10451
3 666
2 3686
2 2414
4 5145
4 16503
2 7253
3 13392
3 10819
3 1259
4 599
3 538
3 12401
3 1347
2 12576
3 17612
3 9874
3 6862
2 15286
3 11804
2 16079
3 16312
4 5605
3 15149
2 8682
4 9935
4 4667
3 3700
2 19005
2 13185
3 360
4 545
2 10313
2 10478
2 10824
3 2263
3 12335
3 10623
2 9709
4 13338
4 8024
2 13599
2 3158
4 8895
2 13857
4 2636
2 3939
3 619
2 2670
4 2632
2 5321
3 9026
3 10512
3 4670
2 48
3 18966
3 6615
4 13403
3 12975
2 13974
2 8976
3 10990
3 12528
4 6167
2 8269
3 13930
3 8022
3 11891
3 7314
2 3312
2 16697
3 17806
3 2528
4 16962
4 16610
3 11908
3 6795
4 12285
3 5281
2 1591
2 18739
3 9830
2 14387
2 582
2 13357
2 6038
4 550
3 12930
3 16405
4 706
2 2048
2 17383
4 2053
2 6998
2 864
4 18690
2 19010
3 5736
2 4424
2 14685
2 7370
2 11601
3 272
4 8531
2 9367
3 631
4 9975
3 5579
3 1277
2 5994
2 7645
4 2371
2 12207
2 14555
4 8914
3 1182
3 17607
4 4696
3 9154
2 2203
2 4882
2 17465
2 15129
4 8615
2 18251
4 9902
3 10685
4 8382
2 15882
3 5191
3 5597
2 6138
4 5924
2 3798
3 15471
3 6372
2 17360
2 10985
4 18361
3 2633
3 4202
4 13534
2 17746
2 8224
4 11732
4 16766
4 9257
4 13248
3 21
3 304
3 6323
2 15266
3 14663
4 3770
2 6174
2 12435
3 19213
2 13409
4 14838
2 400
4 5263
3 10407
2 8276
3 13243
2 13474
4 18057
2 2204
4 15573
3 19109
3 3815
3 7545
4 18517
2 8107
2 12800
3 15520
4 11768
2 4396
3 18220
3 18357
4 9407
2 16512
4 16718
4 9987
3 2749
3 9284
2 10205
2 18164
4 13828
4 13424
4 13175
2 9209
4 4340
4 17218
4 9399
2 13030
3 18471
3 6621
4 12250
4 7926
3 7803
2 19101
3 2565
2 16056
2 6691
2 14821
3 7402
4 10013
2 16841
2 12610
2 3656
2 9125
4 7321
3 4326
2 11346
3 1429
2 3153
4 6759
2 16435
2 16046
4 12198
4 9690
3 1537
2 12170
4 4096
2 17323
3 14538
4 15328
4 12421
3 19059
2 11361
2 3382
4 4687
3 11863
2 11498
2 18705
3 19077
2 8746
3 2996
3 4980
3 10049
3 654
4 18969
4 3794
2 10318
2 16148
3 9290
4 9366
4 3594
4 15583
4 10497
3 2715
4 17905
2 18757
3 14388
2 9220
3 10710
2 10223
4 471
3 7066
2 14394
2 107
2 7490
2 15879
2 17174
3 13826
4 11864
4 10293
3 18993
2 18141
2 11346
2 4790
2 9317
4 4108
3 1602
3 5972
3 7849
3 7352
3 3266
3 10767
2 9196
2 1797
2 6662
4 16787
2 12006
4 1581
3 2582
3 7238
3 14919
3 8923
4 13922
4 2200
4 13366
4 8129
3 1862
2 16714
2 17693
2 1661
2 16244
4 1670
3 5446
2 4858
2 17148
4 7840
2 19195
3 18734
2 14694
3 648
3 13916
4 15793
3 5930
3 876
4 11413
2 94
2 15591
4 15337
2 15362
2 13341
4 7286
2 628
4 5295
4 5967
2 3485
3 13
2 7581
4 5142
3 7437
2 11937
2 14729
2 3698
4 3221
4 7485
4 14931
3 537
4 2936
4 7813
4 13016
4 1989
4 15024
4 17895
2 11278
3 478
2 17269
3 4676
3 12151
3 4500
2 17138
3 8785
3 14299
2 18828
4 6101
2 557
3 3671
2 3225
3 16512
3 17617
3 856
4 1915
3 9154
3 4672
3 17540
4 3988
4 4123
2 5373
2 6365
4 7740
4 13520
3 5196
4 18906
4 7202
4 80
4 18391
2 19062
3 10980
2 10757
3 8158
3 3619
2 981
4 1336
3 17299
3 17074
2 2950
2 7208
3 11576
4 9111
4 10845
2 3705
2 9620
2 17629
2 5596
2 10254
2 4576
4 11167
4 12789
3 10239
2 9742
2 9329
3 18918
4 1178
4 10134
4 7584
2 15160
2 3929
2 15725
4 15235
3 9131
3 16943
3 329
2 1727
4 11234
4 12495
4 3550
4 1561
4 12655
2 10725
3 4008
3 1980
2 8351
2 6075
4 11383
3 9046
3 6892
4 12427
2 8566
2 5695
3 3086
3 299
2 16043
4 18866
2 17365
2 7071
3 17507
2 1845
3 9183
4 9981
2 16329
2 1293
4 18955
4 8170
3 12686
3 7688
4 8318
4 12882
2 10399
4 435
4 6214
2 357
4 14210
3 9013
2 16188
3 10354
4 2166
3 1577
4 13545
4 11999
2 16596
2 7964
2 16492
4 13662
4 11072
3 850
3 17213
3 8940
2 2675
2 11454
2 17131
3 17534
3 16416
3 13287
2 7404
4 14953
2 1941
3 8734
3 2793
3 8728
2 8636
3 12518
2 18504
2 3337
4 17364
2 5893
3 8650
2 16140
4 7561
4 17048
4 10047
2 691
4 13892
2 4360
3 9981
2 3326
2 1464
3 3834
2 14309
3 18977
4 5247
2 4189
3 1232
3 14503
2 4323
2 9579
4 466
3 13442
3 2983
4 13604
4 1892
4 18638
2 1924
2 8901
3 6155
3 13318
3 14107
4 17156
2 5449
4 3812
4 17486
4 1360
3 9373
2 2953
3 3377
4 17397
2 209
4 7799
2 3325
4 6512
3 14830
3 1296
4 4810
4 13874
3 17523
3 7666
4 16630
3 12169
3 14067
2 17349
3 886
3 10754
2 15135
4 16410
2 13795
4 10801
3 5852
3 13895
3 4842
3 5131
2 14513
4 13424
3 2523
3 5217
2 16758
4 10162
2 12444
3 14327
4 6150
2 14901
4 15061
4 3004
2 10496
3 19148
2 7741
4 4640
2 17074
3 13346
2 3667
3 8346
3 17877
2 7260
3 7687
2 7342
4 16271
4 8703
4 8366
3 17549
2 16572
2 15126
4 1549
2 16919
3 12813
4 12857
4 3546
3 5551
2 5221
4 3598
2 463
2 16071
3 1822
4 5214
3 3383
4 13435
3 17879
2 17811
3 11619
2 3651
4 9341
2 11274
2 578
4 1615
4 15417
3 12070
3 14672
4 1618
3 13732
4 9523
3 13080
2 7576
3 3273
2 18990
2 9758
2 10340
4 15592
2 14200
2 3320
4 8498
2 1786
2 7350
4 8915
4 14032
2 8265
3 17885
2 16515
2 7793
2 8575
3 15235
2 15
3 6237
4 1756
3 1715
2 17083
3 121
3 11522
4 5583
2 17109
2 13965
2 10216
2 1728
3 8682
4 946
2 749
4 13071
2 16208
3 2208
2 15336
2 11648
3 13266
2 10539
4 14029
2 17576
3 10347
3 4456
4 1386
2 12214
2 18107
2 12501
4 10748
4 19143
2 5934
3 10715
3 12460
2 10706
2 4178
3 17963
3 9584
3 18389
2 5555
4 9893
2 10433
4 9385
3 3621
3 10423
3 17130
4 6622
2 12991
2 4857
4 15641
3 6259
3 11085
2 1156
3 1084
4 3909
3 2867
3 1992
2 1667
2 14213
3 18892
2 9190
4 19028
4 17837
4 3845
3 10723
2 145
4 10923
4 10395
4 4636
3 16324
4 8624
4 16810
2 14540
4 16800
4 12463
4 4382
3 8827
2 15022
4 17437
4 13413
4 10207
4 11584
2 2535
4 14690
3 17424
3 8609
2 5503
4 8011
3 8830
4 1760
2 6092
2 15346
2 14906
2 2760
3 6429
2 4845
4 1583
4 13434
4 13848
3 4329
4 7416
2 8851
2 19136
3 4459
2 8260
2 18851
3 13433
3 13161
4 18252
4 3637
2 5307
4 5205
3 16047
3 16635
3 15909
2 18056
3 18093
2 15944
4 9311
4 6626
3 6254
3 10996
4 11076
4 7700
3 6501
4 113
2 2493
2 354
3 18691
4 15252
3 25
4 19116
4 14902
3 661
3 4866
3 17366
4 9253
3 7058
2 6899
3 3160
2 10959
3 16776
4 2729
2 6610
4 212
4 18321
4 16015
2 16683
4 3197
3 6456
2 2314
2 9447
4 8709
4 9741
2 11691
3 12316
2 18243
4 1268
2 15388
3 1997
2 17325
2 5027
3 9887
4 3161
2 8672
2 414
2 5160
2 11246
3 15081
4 18548
2 18667
4 4953
3 2225
3 3558
2 1227
2 15324
4 18815
2 3690
2 10338
2 3652
2 1694
3 13292
4 4890
2 11258
3 5523
2 7729
2 18362
2 18094
3 17874
3 8758
3 18184
3 12564
4 12063
2 7958
4 1803
4 8880
2 190
2 5048
3 2787
4 4718
3 18398
2 3588
2 7678
2 14619
2 16395
2 10951
3 1470
4 6870
2 7594
2 11644
3 12348
3 7963
3 14600
4 12623
3 595
3 16324
2 18313
2 4834
3 7542
4 4516
3 3894
2 18715
2 16309
4 5134
3 13607
4 3094
4 16996
2 6106
2 5088
3 3787
3 474
3 8317
4 17625
3 9351
2 19200
4 13755
2 9424
3 684
3 17336
4 8666
3 12092
2 1663
3 5601
3 265
2 8086
4 3391
2 9977
4 4091
2 4480
4 16325
2 16715
3 13536
3 8770
3 18210
3 16366
3 3160
3 8701
4 16013
3 7255
4 4535
4 14279
2 10877
2 2289
2 6310
2 6688
4 6691
2 16876
3 4428
4 13559
2 18161
2 16517
2 8401
4 1225
2 10145
2 5567
4 811
3 5937
3 13375
2 14450
3 7380
2 17234
4 4852
3 19188
2 7652
4 13945
2 15695
3 3129
4 11214
3 8624
3 9817
2 8854
4 11759
4 4074
3 16543
2 9410
4 3694
2 10629
2 2127
4 16193
3 12730
4 15396
3 7361
3 6218
3 17264
4 556
3 18949
4 3348
3 10109
3 5112
2 3653
3 9704
3 11779
2 5381
4 10435
2 16913
2 8437
4 540
2 16765
3 9467
2 17572
4 5573
2 351
3 15952
4 3099
2 4027
3 13041
4 13520
4 15746
2 4547
2 5927
4 103
3 7868
4 1687
3 2086
4 2240
2 9761
2 4885
3 16332
2 7557
2 8742
3 9135
3 1099
2 8894
4 2540
4 13963
4 6882
2 19105
3 1529
2 4381
4 346
2 7703
3 6972
3 7405
2 18768
3 7825
3 15253
2 764
2 3451
4 16198
4 10334
4 9915
3 6922
3 6517
3 2220
3 6609
2 11862
2 7833
4 17125
4 5938
3 5699
2 11826
3 17306
3 3918
4 14427
3 3547
3 9473
3 905
3 3428
4 9791
4 4980
3 8589
4 11885
4 7432
4 48
3 4051
4 8404
4 5618
3 317
3 1642
4 17460
4 10023
3 16006
3 17810
3 5503
3 13829
2 16871
4 1698
2 694
4 12972
2 15497
3 9130
3 13845
4 12595
2 455
4 15830
2 2861
2 13165
2 10340
2 4430
3 4895
3 6060
4 9814
3 16135
2 12912
4 11700
2 571
2 8225
3 9023
3 10059
2 578
4 19227
3 10725
3 7534
4 2567
4 1254
2 6228
3 4252
2 4530
3 15700
3 12510
4 12127
2 3728
2 19080
4 2768
4 16505
2 16444
2 17060
2 3306
4 18800
4 10706
4 6374
4 6193
4 9674
3 5068
3 820
2 15689
3 4735
4 11718
2 2528
3 5952
4 3750
2 4791
3 1765
2 4841
4 10052
2 5107
3 10300
4 13924
4 8966
3 1581
2 11216
3 11469
4 9919
3 16841
4 2709
3 9566
2 1761
4 10170
3 7026
4 17066
4 16828
2 16742
4 11796
2 9455
2 7464
3 12477
3 2272
3 18452
3 6137
2 16026
2 3189
4 12278
4 6086
3 6348
4 8770
3 14208
3 17157
3 15939
2 13093
4 18605
4 13699
4 17701
4 12447
2 4547
3 16824
2 16798
2 16948
4 17093
4 1504
3 6378
2 4537
3 10989
4 11607
2 10647
2 5456
4 3155
4 16627
2 5469
2 3453
4 637
4 3311
4 6952
2 14013
2 10620
2 8528
3 7532
3 17285
3 13266
4 16640
4 11371
4 3808
4 6002
3 862
4 16411
3 11124
3 6404
4 15829
4 13023
3 13715
2 1969
2 9175
4 13696
3 10738
4 4404
3 15829
4 10079
4 14484
4 2739
2 8313
4 11177
4 2375
2 1512
3 7057
4 14616
2 2600
2 8750
2 8693
2 16656
4 6004
2 13099
2 2634
3 10713
3 10844
2 13321
4 2985
2 10311
2 13765
3 782
4 177
4 18345
4 6152
3 12077
3 764
2 2543
2 14178
2 16818
2 12122
4 15850
2 15733
3 3719
2 15513
2 7378
2 11646
3 2410
4 446
3 11377
3 1723
4 16169
3 547
4 903
4 17224
4 17356
3 4589
4 8288
3 9856
2 14805
2 17377
2 3151
2 676
3 3790
2 665
4 18833
3 7833
2 9479
2 3533
4 6711
4 12089
2 9843
3 14279
3 9238
2 13004
2 13855
3 11672
3 4796
4 3152
3 6775
2 9566
3 18750
2 8528
2 7080
3 9623
3 561
3 12322
3 16249
3 9377
3 1044
3 5611
4 13857
4 9694
3 4506
3 16749
4 18824
4 10059
4 8084
3 16373
3 18117
3 15354
2 8022
3 13538
2 9913
2 6325
3 1230
2 346
3 13614
2 12038
4 4031
2 12632
3 10474
4 18271
4 11890
3 4795
2 17900
4 7732
2 8062
3 15558
3 2812
2 18689
3 5457
4 15878
4 15798
3 5860
4 7325
3 9302
4 12889
4 269
3 5502
3 13723
2 12237
2 15469
3 15502
4 17011
4 6688
2 9577
2 9634
2 102
3 10799
3 15878
3 13215
2 13176
3 6527
4 11984
3 3676
4 8732
3 17820
4 7219
4 18345
3 7204
3 17919
2 6311
3 10968
3 10514
4 8502
3 6583
4 16704
2 12311
4 11025
2 15854
3 13051
3 2849
3 6436
3 7375
3 688
3 7226
4 15738
4 11373
4 18682
4 6534
3 14377
3 2668
4 770
2 10746
3 17632
2 11362
3 17142
3 10062
2 7653
4 4877
4 16995
3 7993
2 9962
3 5056
4 3674
4 724
3 8948
4 6453
2 18194
4 2570
2 6726
3 18574
2 6813
2 10901
2 18360
3 6674
4 3875
3 6332
3 6971
2 8283
3 5010
3 1257
3 8832
3 2784
3 17256
4 3950
4 3706
4 4776
4 2691
2 5706
4 5434
4 11641
4 8005
2 5929
4 9342
4 4493
2 7283
2 15572
2 733
2 13432
3 4241
3 16681
2 12344
2 5587
2 7069
3 16745
3 913
3 9574
4 11848
2 3978
4 668
2 15233
3 12428
3 2044
4 17119
4 12310
4 4470
4 6664
4 942
3 9385
3 7336
4 11825
3 13666
3 17606
4 4941
3 2079
4 13232
4 1471
4 13880
4 6824
3 16410
3 14376
2 14187
4 18477
4 6104
4 3947
4 12208
4 8189
3 12533
2 4535
2 11993
3 18876
3 12710
2 7591
2 12236
4 10256
3 9722
2 10641
2 10526
2 8995
2 1162
2 10295
3 6348
4 605
3 13813
4 2922
2 13426
4 17962
2 1249
2 9477
4 4447
3 5186
2 18080
3 18293
4 16744
4 9703
4 5457
2 17942
4 8674
2 4811
3 5244
3 4332
4 14273
4 2032
4 14824
2 3130
4 15231
3 2264
3 2566
4 2285
3 10646
3 15847
3 193
2 6457
4 14711
2 5377
4 7639
2 5263
3 9985
4 11422
2 10857
3 17928
4 17323
2 12601
2 7561
4 12650
4 256
4 9561
2 18198
2 3828
4 18769
2 2084
2 14309
4 18227
4 5310
3 1438
3 172
3 9472
3 16460
4 15402
2 12132
3 13035
4 4279
2 7522
4 10671
3 1646
3 11889
4 14188
4 4619
4 13649
4 2324
2 7938
4 15
4 12962
3 16424
3 11940
3 16043
2 18858
3 6630
3 2533
4 17696
3 1863
3 8969
3 8509
2 10070
4 18305
3 8262
4 5235
4 14634
3 18346
2 8844
3 11469
3 970
3 12528
4 7703
2 2910
4 2376
4 95
4 3363
4 18896
2 5174
2 12628
4 9780
3 15290
4 1125
2 15245
2 7190
4 4851
2 4352
3 7921
3 8891
3 13784
2 4464
2 3456
4 11476
3 17775
3 17346
2 2074
3 8513
3 11365
4 7259
3 17765
3 16268
2 17907
3 16810
4 10748
2 1276
2 18941
3 6050
4 9862
2 16906
3 6419
4 4639
3 17069
2 1070
4 6546
2 13962
3 4049
4 11227
2 15466
2 4336
4 9665
4 11259
2 6523
2 4223
3 13829
2 9119
3 6108
3 5440
2 899
4 991
2 17342
3 11239
4 16861
2 2897
3 4351
2 10736
3 11853
3 2625
4 9473
2 15177
4 16485
3 18823
4 7800
4 479
4 1643
3 15084
3 9044
4 16884
4 8988
3 14230
2 13393
3 14717
3 17352
4 8870
2 2144
4 2857
4 13244
4 5307
4 14596
4 6046
3 16502
4 15383
4 1577
3 17427
2 3734
4 6535
4 13189
3 6994
3 16306
2 15584
2 6996
3 2507
4 4457
3 1314
2 3263
2 282
2 16177
2 11659
4 17563
2 18750
4 11800
4 15770
2 7037
2 1351
2 5755
4 10448
3 6552
2 1402
3 18138
4 17126
4 15204
2 2051
2 13162
2 1213
3 13784
4 14928
3 6059
3 16152
4 1417
2 16322
4 3231
2 10644
2 17065
2 6263
4 7260
4 13158
4 2670
2 1178
4 6889
2 18399
4 8521
4 4554
2 1247
4 8574
4 5206
3 6507
2 360
3 8682
3 2915
3 14769
2 18048
2 12115
3 15774
3 6483
4 12078
3 457
3 3461
3 9383
4 14681
2 11656
3 6284
3 15865
3 13064
4 2974
2 1449
3 1631
3 18478
2 8249
4 18772
2 12623
3 18778
2 4441
2 7526
3 3397
2 4777
2 8489
4 1566
3 15202
3 13110
3 14474
2 2431
4 5212
3 2723
3 17999
2 1512
3 983
3 6642
3 818
2 7351
2 8372
4 15482
4 15133
4 14730
2 18144
4 3162
4 8689
4 1065
3 178
4 18971
4 14181
2 13865
2 695
3 7415
2 9520
3 9252
3 18654
4 16322
4 5668
2 6769
3 17052
3 10780
2 153
3 1329
4 13374
2 10105
4 14325
3 398
2 17957
2 15532
3 5759
3 7609
4 9765
4 17493
3 11014
4 14751
2 14426
4 11895
2 8138
2 12115
3 2105
3 2768
4 6363
3 15814
4 9236
3 11812
2 12540
4 17039
3 6173
4 13377
4 11947
3 16218
3 11568
4 5892
3 16373
2 5917
3 3230
3 14519
2 10892
2 12827
3 826
2 112
2 18968
2 6027
2 6770
2 15678
3 3148
4 19037
4 28
2 13712
4 9451
2 2691
2 8889
2 16024
2 14390
2 9869
2 6655
2 1413
4 8102
3 163
4 5969
3 18607
2 8483
3 1695
2 13380
2 9497
4 13367
3 11603
3 5958
2 1718
4 6032
3 7409
2 13716
3 9847
4 18058
2 16137
2 12655
2 9761
4 18258
2 10958
2 716
2 7454
2 12460
2 3634
2 15396
4 5397
3 12884
3 2778
3 9858
2 18909
3 17684
3 15875
3 8781
3 4378
2 4916
2 3087
3 12503
3 15539
3 14666
4 5080
2 15304
3 7496
3 18163
4 13390
2 3712
3 10032
2 7880
3 3453
3 15194
4 12616
4 3708
3 14611
3 8716
3 16460
4 5228
4 10403
4 14876
4 9075
3 1196
2 17061
2 18110
3 9731
3 11649
2 17776
2 8790
4 5223
4 15634
3 14778
4 7242
4 6024
3 8717
3 5423
4 968
4 12253
2 6106
4 5744
3 18280
2 17546
4 9058
4 10837
2 18813
4 18486
4 10053
3 3693
2 19123
3 12682
4 14438
4 17409
3 13257
3 11479
2 10206
4 8783
2 11683
4 12637
3 2295
2 4256
2 8484
2 1887
4 11197
4 7913
4 12911
4 1600
3 6280
3 8125
3 3045
4 8080
4 17147
3 11334
3 14339
2 3235
3 3175
2 2837
2 18749
3 5108
2 13079
2 2025
3 17278
4 18029
3 17156
3 13604
2 16270
4 1713
3 17199
4 7057
3 16524
4 17491
4 18624
3 15519
2 15365
2 14013
4 2546
4 12453
3 8320
3 4367
2 8463
2 13179
4 12758
2 5279
2 8045
3 15434
3 6734
4 9030
4 12736
3 8055
4 11240
3 3528
2 8288
3 4594
3 13652
3 8618
2 18215
4 11644
3 4122
3 4537
3 10719
4 14997
3 17637
3 3564
3 3660
3 10799
3 13622
3 5815
2 1212
4 8768
2 10289
4 11009
4 7569
3 1373
3 2666
2 1857
3 9718
3 17953
4 7754
2 1131
4 15433
3 19113
2 9595
3 14099
3 10767
2 7187
4 15269
3 574
2 10456
3 14350
3 15079
3 11726
3 2504
4 12303
2 11418
2 14556
3 5304
3 8292
3 131
3 18788
3 8485
4 8380
3 2597
4 15224
4 15352
3 9928
3 1129
2 13939
3 260
3 1134
3 3403
3 12098
2 6475
2 1634
2 2230
3 2160
2 16971
3 1689
2 9714
3 17371
2 5412
2 4119
4 4163
3 9685
3 11741
3 2854
4 13074
4 13681
2 17325
3 1333
4 10719
4 1180
3 10549
4 12097
4 8934
2 14177
2 17975
3 3445
4 8079
3 8681
2 11384
4 7479
3 14821
4 9166
3 16655
2 15552
3 6799
2 2804
4 5986
4 16097
4 11589
3 13320
3 9736
3 15832
3 16923
2 1986
4 13907
3 18086
2 5008
3 7565
2 3814
3 18673
4 11037
4 11116
2 12050
3 1330
4 7903
2 8843
4 12858
4 13527
3 485
2 15426
2 7903
4 7394
2 15849
2 10678
3 11059
3 7288
2 2387
2 16758
3 18042
2 12893
4 4148
2 2392
4 1983
4 13138
4 5765
4 14081
4 7597
4 14629
3 4904
3 10524
4 14838
2 11092
2 7505
3 17207
3 18846
4 10090
4 339
3 14810
3 11845
2 3118
3 8313
2 6944
4 16387
3 16841
4 15813
4 10809
4 15404
4 5133
4 6004
4 12103
2 9306
3 17761
3 2852
3 16581
2 4277
4 6400
2 19040
4 8248
4 13032
2 11108
2 18891
4 6155
4 11761
2 11480
3 19066
3 17522
4 16660
3 16272
4 19136
3 9607
2 10154
2 17134
3 5479
4 12770
2 14497
2 13720
2 5953
4 963
3 2648
3 1799
3 2743
4 12847
2 9156
2 7426
3 19104
2 18553
2 4147
4 14899
2 16988
2 11436
2 14347
4 19231
3 3429
3 15615
4 19202
2 15216
2 6802
3 9460
3 921
2 841
2 10461
4 16601
4 8508
4 10691
4 4065
3 12782
3 18261
3 15220
4 15910
2 11740
3 9850
4 10114
3 16015
2 16146
2 4091
3 2164
3 13516
4 16817
4 6045
4 697
3 13148
4 8467
4 1348
4 6673
3 18835
4 9554
4 11628
4 3800
4 14916
4 17908
4 1788
2 12275
4 13580
4 16528
3 11274
4 8462
4 8720
2 8316
2 3525
3 12387
3 9024
2 13571
2 1860
4 3131
2 3627
4 17500
4 15058
2 16519
2 960
3 3354
4 13671
3 6472
3 15864
2 15663
2 13905
4 9095
3 4688
2 13801
4 3802
3 11206
3 17825
4 13897
3 2313
4 1357
2 15077
4 12516
3 5949
3 9043
2 12564
4 4964
3 297
3 8626
4 13679
3 13473
4 18690
3 11632
4 8921
4 9924
4 1321
3 12905
2 8098
2 15850
4 4793
3 7022
4 1993
4 17994
3 4384
2 16123
4 16615
2 13444
3 8121
3 13976
2 2324
2 6857
2 18549
3 11716
4 481
2 562
3 2022
4 7469
2 12406
2 6223
4 11353
3 6703
3 5608
2 4167
4 17507
4 3264
2 11909
3 11838
4 14619
3 12520
3 17175
4 11121
4 8014
3 4692
4 4751
4 4811
3 8672
3 13546
3 3290
4 16508
4 10480
3 2857
2 17531
2 5918
2 4412
4 7493
3 8784
3 10101
2 13924
2 3570
3 4606
3 11483
2 18462
2 15078
3 5064
4 12469
4 14521
4 6151
2 7783
2 18305
3 1050
3 3986
4 5805
2 8702
4 16152
4 13998
4 16225
4 8673
2 3380
3 612
2 14873
3 15669
2 6507
3 12667
3 18174
2 10048
2 16895
3 10804
3 822
3 841
2 17040
4 2723
3 14083
3 13497
4 4535
3 4366
3 14931
2 15916
4 17277
4 16163
4 1763
2 6874
3 1258
3 11807
4 4364
3 4851
2 17017
2 15508
3 14490
3 2273
2 2279
3 6862
4 8984
3 6768
3 13791
3 1632
4 5665
4 12044
3 12074
4 17336
4 13386
4 17973
2 4734
3 3267
4 994
2 10858
2 9435
4 311
4 11706
4 11758
4 7938
3 601
2 13869
2 3051
4 10682
4 11124
2 6954
4 16815
3 17269
3 14443
4 7739
3 9295
4 13370
4 2223
4 427
2 17185
2 11694
3 419
2 14234
2 7511
4 8174
2 12126
2 11917
2 8636
3 5920
2 1073
2 5200
4 17192
4 16749
3 17589
4 15650
2 176
3 7825
3 13625
4 13547
3 18558
3 13158
3 3137
4 6660
3 4676
2 10345
4 6871
4 10429
3 5881
3 404
3 471
2 16441
2 10586
4 16979
4 14722
4 18522
3 18256
2 2044
3 13294
4 15728
2 18151
3 11187
3 8918
4 18858
3 8861
3 7419
4 14412
2 8994
3 2248
4 9295
4 6317
3 19139
3 9070
3 8912
3 4094
3 7051
4 4288
2 5816
3 7994
3 8854
4 3172
3 16507
3 4066
4 5326
3 348
3 3399
2 10053
3 9984
2 15846
4 14078
4 15244
3 13474
4 10177
3 6416
3 4683
3 15055
2 11303
3 8408
4 1769
3 4705
3 12201
4 13298
3 16159
3 10486
2 12880
2 4981
3 14294
2 19049
2 17986
3 2694
2 18828
2 9559
4 3923
4 4625
3 5453
3 8607
4 9748
4 8220
3 7871
2 7179
4 3991
4 7581
2 4026
3 16186
2 2125
4 6945
2 7533
3 2237
4 4891
3 11016
3 100
3 11842
2 18404
2 801
3 10865
3 13027
3 15005
3 406
3 6960
3 7017
4 6547
4 440
2 17085
4 6001
2 11374
4 389
3 3224
2 14459
3 15956
3 124
4 10354
4 2406
3 14808
4 11888
3 3083
2 2050
3 7014
3 9664
3 12614
2 7235
2 15849
3 1884
4 2821
2 11242
2 5688
2 7266
3 18175
4 9983
3 3952
2 4914
3 3933
4 10584
4 1279
3 1274
4 18419
2 9293
3 2981
2 3362
4 2450
4 4011
3 10068
3 12317
2 6593
3 4156
3 6077
3 2016
3 16978
3 5519
2 3263
4 2766
2 12443
3 4678
2 19004
2 12886
3 8348
4 16801
3 12174
4 1528
4 7385
4 11230
2 18502
4 13866
4 18155
4 12573
4 16764
3 6754
4 1867
4 10249
2 8598
4 11261
3 2798
3 14053
2 11646
3 9296
2 2253
4 18745
4 3017
4 17723
3 10578
3 379
4 11583
3 1278
3 13782
3 12757
4 19122
4 2084
4 5291
2 1471
2 8442
4 16184
3 5285
3 15098
2 592
3 17966
2 11448
4 15199
4 3233
4 7235
4 7532
4 13999
2 6081
4 18428
3 18863
3 13891
3 5656
4 17053
4 11865
4 6102
2 9234
3 2526
4 5496
4 3017
2 14550
3 154
4 3856
3 11371
4 5688
2 8439
4 2628
2 1093
4 10751
4 5355
4 7102
4 7975
3 7129
2 15230
4 714
4 16586
3 12549
2 5692
4 10247
4 223
3 4283
4 18975
2 18451
4 13405
4 6212
3 10345
2 10594
2 7760
4 6087
4 5606
3 9732
2 4892
4 1958
4 11248
2 7843
3 8980
2 14121
4 6613
2 14738
4 12184
4 4150
3 5883
4 15190
2 14356
4 9451
2 13499
2 14760
3 13879
2 4727
4 16948
4 1472
2 15862
2 3307
2 7870
2 1996
4 8423
2 4079
3 13964
3 8257
2 2167
3 7445
4 11491
2 3769
4 14032
3 1128
2 2861
2 14619
3 2889
4 13945
3 9112
2 2022
4 12685
4 6367
3 817
3 16295
4 10820
4 18419
4 7294
3 8292
3 18026
4 11857
2 11439
4 1151
3 14816
4 17295
3 7867
2 17109
2 11914
3 8213
2 5662
3 17100
3 17152
3 7069
2 9681
3 11859
2 16112
2 13165
2 9477
4 19232
2 14231
4 14937
2 2659
4 10868
4 6037
3 9390
4 16285
4 18891
4 9227
2 11323
3 4369
4 14384
3 11798
2 2936
4 19194
2 7010
3 3224
4 8046
4 4812
2 3815
3 3207
3 15041
4 204
4 17892
2 5880
3 4575
4 9765
3 18549
4 18255
3 10163
2 7770
2 14961
2 10098
3 18838
3 7346
4 40
4 18697
4 12615
4 19048
2 8763
4 6203
2 5265
4 17978
3 9750
3 2383
3 8107
3 19097
4 5157
2 16459
4 5170
3 7053
4 11796
3 9541
2 9107
3 3595
4 5013
2 3259
2 389
2 12692
3 15407
3 7539
3 5294
4 12538
4 14945
3 16702
3 13347
2 16816
3 14232
2 5249
3 9945
4 12432
2 6078
2 11306
3 17145
3 1681
3 7834
2 10518
2 11839
4 3540
2 16546
3 18320
4 3014
3 3163
3 4508
2 12060
3 5660
2 19035
2 10011
4 11846
2 6457
3 143
2 4314
4 14195
3 1071
2 7806
2 18432
3 7191
3 259
2 5856
3 4053
3 14331
3 3630
2 17020
4 15971
3 3447
3 5809
3 10848
3 9396
4 15578
2 1656
4 2489
4 4332
2 6095
2 3558
4 12635
2 18646
3 1006
4 8421
3 18579
4 2013
4 1722
4 4584
4 17683
3 3760
3 6163
4 1062
2 14340
2 5046
3 4620
2 4704
2 8415
2 19028
2 13095
3 1692
4 6273
3 8043
4 2236
2 12581
4 10184
2 7116
4 2344
4 11111
3 12657
2 7470
3 11217
3 16378
4 3576
2 660
2 19161
2 15268
2 11815
4 2314
3 16867
4 4838
3 16946
3 15885
3 2347
3 17718
3 8964
4 15149
3 1030
4 9359
2 12203
3 12934
2 18670
3 12540
4 8957
2 8286
4 10150
3 10836
2 1585
2 1715
4 16370
4 9082
3 11534
2 11413
2 13771
4 18541
2 8015
3 16816
2 7747
3 8239
3 994
4 2762
4 16955
2 6263
3 1877
2 8278
3 4204
3 8459
3 5799
3 11316
2 12335
2 4771
3 7965
4 4710
3 10785
4 11004
4 12987
2 8626
4 19180
4 6259
3 18060
2 12565
3 2062
3 9252
4 2610
3 1322
4 16419
4 9949
2 10598
2 4714
2 5285
2 1843
4 11780
2 13553
4 5533
4 13773
4 14555
2 10707
3 3410
4 16724
3 11550
4 4163
3 7512
2 15277
4 8381
4 9572
4 9926
3 17167
3 7377
2 7236
3 6874
3 2786
3 2192
2 19100
4 12993
2 6560
4 7485
3 3213
4 5065
2 7391
3 6200
4 1957
3 17879
3 17289
4 11422
4 4800
3 11282
3 2271
4 1117
3 13675
2 13075
3 1037
4 4917
4 15589
4 5496
2 19000
4 4709
3 1938
4 14948
3 8714
4 9541
3 3991
4 11622
2 11246
3 12002
4 15873
2 7518
2 14438
4 12448
2 77
2 528
3 1173
4 12161
4 7416
2 4428
2 4983
3 4969
3 9639
3 7904
3 17240
3 14444
2 15289
4 2240
2 9831
4 3766
2 16817
2 18502
4 6925
4 4977
2 5759
2 3771
3 12032
3 1260
3 12553
3 9639
2 16353
3 19116
2 4872
4 9625
3 2999
4 3706
3 13820
4 3142
3 7031
3 3369
2 17521
4 6750
2 3484
2 10605
4 9243
3 15735
3 2385
4 13648
4 7319
3 3473
4 4638
4 4817
4 4222
3 1821
3 4598
4 17330
4 258
3 14014
3 8491
3 6015
3 9016
4 2805
3 14648
4 15447
2 12603
3 2615
3 13709
4 11814
4 6555
4 8386
4 5250
3 3143
2 9303
2 13480
3 7702
3 1595
4 11550
2 7711
4 5100
2 10467
3 8117
2 2853
2 5796
4 10709
4 16617
2 2199
3 16528
4 1235
4 495
2 2902
2 12589
2 11171
4 17965
2 3135
3 3288
2 8211
3 2111
4 3956
2 7859
4 7737
3 7632
3 14026
3 13800
4 18461
3 16640
2 4041
3 2394
3 13539
3 17647
4 17865
2 7034
4 11310
3 15559
3 13409
4 1082
2 6025
2 7586
2 4769
4 7434
2 8930
4 18663
2 19209
2 6511
4 4437
4 14828
3 17115
3 8302
2 7461
3 14832
2 5679
2 9572
3 15231
4 2850
3 6050
3 5964
3 3802
2 16778
4 6733
2 9326
2 16126
4 6906
3 15815
4 15146
2 6596
3 1739
4 6197
4 6443
3 14635
2 16643
2 14864
2 5767
3 16593
3 13473
2 15803
3 8180
4 8041
4 2491
3 8928
3 9737
4 11920
2 14925
4 12197
4 7872
2 12413
4 7477
4 0
3 7902
4 1116
2 2450
3 16382
2 16008
2 12465
4 5406
4 10440
3 3971
3 212
2 7948
2 2399
2 9573
3 657
3 15198
2 10148
2 5307
3 15219
2 1641
3 16274
4 18094
2 9579
4 8323
2 12441
2 17107
3 18169
2 10899
3 17210
4 145
3 17240
2 12625
4 16509
4 284
4 144
4 19048
2 13946
2 15305
2 18094
3 15049
2 3730
4 5613
4 12912
2 15924
4 260
2 945
4 9693
3 10991
3 14438
3 8455
3 12645
2 2387
4 2603
3 19207
2 2145
4 19014
4 17253
4 8519
3 6769
2 15138
2 7535
3 6404
3 14449
2 18310
3 9421
4 17111
3 14392
3 3730
2 18997
3 12153
2 11751
4 4353
3 2503
2 17308
2 11546
3 9103
3 16250
3 3121
4 6221
2 8566
4 5474
3 12209
3 6113
3 3538
4 12541
4 17634
3 6052
4 7496
2 9664
4 14320
2 9254
2 16116
4 15476
2 12445
2 19110
3 12173
3 13379
4 9848
2 14778
4 17843
2 16207
3 10658
3 10079
3 19135
4 5132
4 17160
3 10566
2 17147
3 8508
4 8764
4 11797
2 2027
3 5804
3 8764
2 18559
3 15778
2 1958
4 18164
3 17285
2 2164
3 7868
3 14203
2 11040
4 13082
4 16440
3 17262
4 11393
4 5835
3 11194
2 18646
3 14834
3 6540
4 14027
2 5912
4 11855
3 16348
2 13731
4 14053
3 17680
2 4810
2 18231
4 9910
3 14674
2 6429
4 15965
3 15506
3 10679
3 16579
3 8165
4 11113
2 7146
2 11807
4 18358
4 18991
3 317
4 5681
2 5112
4 13260
3 9119
4 3528
3 13741
4 8355
2 12603
2 16081
2 17488
4 14569
3 8767
3 14631
2 17292
3 6158
3 17729
2 8834
2 9656
2 6357
3 9481
2 12448
4 16460
2 820
2 3619
4 7356
2 8815
3 6912
4 3778
4 7277
3 6951
3 6352
3 11074
3 1339
2 13083
2 15573
2 16402
4 16830
2 2203
2 3608
3 9921
2 5701
2 4976
3 8807
3 924
4 10313
4 17151
2 896
4 8646
3 1806
2 16906
2 3155
3 205
4 12598
2 18878
3 15042
3 4701
4 12415
4 4008
2 5235
3 18290
3 18377
4 1238
3 17328
2 6301
4 6835
2 5677
4 14292
2 3235
4 12980
2 9690
4 3774
3 13276
2 2834
2 951
2 2688
3 5553
4 14510
3 6370
4 9526
3 17965
4 19094
2 12038
4 8804
3 8858
2 14797
3 12141
3 10061
4 15857
2 2430
4 11249
4 12160
2 1842
3 13780
4 16543
2 11727
3 1896
3 12989
4 6852
4 13460
2 17858
4 4385
3 7098
2 9550
3 10748
4 4788
3 4973
3 3425
3 15383
2 1643
2 18112
3 6903
3 6857
3 14542
3 11680
4 13700
4 2659
3 18170
3 5307
3 16254
3 8003
4 8970
2 10437
3 16913
4 15307
3 15645
3 5198
2 18080
4 5684
2 14071
2 8498
3 18310
4 2645
4 4106
2 6221
4 1022
3 17621
4 17512
2 13409
3 3553
3 514
3 14427
4 15746
2 19099
3 4854
4 13078
4 15580
4 5858
2 12776
4 10778
2 16196
3 12743
3 332
3 8731
2 11432
2 3168
3 507
3 13574
4 3841
4 2136
3 92
3 564
4 7533
4 13041
2 1529
4 7974
3 16244
3 2438
2 16316
4 10054
3 11406
3 14350
2 4135
4 1369
4 8188
4 15853
3 5011
4 1883
3 8534
2 19098
4 12040
4 4971
3 9138
2 884
4 15141
4 13441
2 5201
3 241
4 688
4 11470
3 12586
3 11275
3 2538
2 10153
3 14004
3 10401
2 4801
4 5120
4 14076
2 8274
3 16344
2 17812
2 6411
2 1636
4 4946
4 3365
2 4334
2 64
4 19072
3 6053
3 18131
3 13499
4 8736
3 2604
4 1300
2 3964
4 4652
4 6804
2 15077
2 6054
2 18716
4 3528
4 15152
4 9402
4 7701
2 5621
3 13403
2 19226
4 10496
3 11097
4 12983
2 10700
2 8792
3 7534
4 9914
3 12951
4 8493
3 15402
3 11458
3 17748
2 14722
2 8436
3 12129
3 5197
2 8586
4 3214
3 18249
3 12651
4 12520
3 1160
3 14840
2 1714
2 12044
4 11548
3 9887
4 4006
3 18230
3 18030
4 5999
4 5538
4 915
4 18409
2 6490
4 10501
3 17399
2 12576
4 13325
2 16368
2 339
2 13400
2 2392
3 10482
4 12208
3 223
2 11796
4 1
2 5637
2 988
4 10967
2 5167
4 15855
3 16877
2 15824
2 7867
3 13634
2 5136
4 4750
2 7909
4 6818
2 12058
3 18761
4 295
4 2821
4 12806
3 14005
2 6001
3 14946
3 13920
4 6148
2 16065
2 1221
3 5768
2 11236
2 2515
2 17174
4 7047
2 12712
3 9449
3 4683
3 7078
4 15007
2 10620
3 15760
2 4122
4 4431
4 17071
2 12335
3 16739
3 4738
2 6629
2 11864
2 18715
4 1364
3 17794
3 4267
2 3562
2 15654
2 17113
3 13439
2 1176
4 17101
2 7271
3 4438
4 15003
4 14826
3 6735
4 11041
3 11777
3 8990
3 12410
3 8808
2 13059
4 13396
3 18540
3 12685
3 15276
2 11408
4 589
3 15310
3 2530
3 3683
2 8415
2 11590
4 2860
4 2206
3 7996
4 5149
3 2561
2 13305
2 15169
3 6313
3 5282
4 13157
2 7538
2 8431
2 3263
4 18618
3 7139
3 9779
3 5009
2 16158
3 4800
2 2954
2 17472
4 15485
4 17713
4 987
4 18647
4 1592
3 15027
4 15112
4 16778
3 10752
3 8641
4 3330
3 17711
3 10074
2 5713
3 798
3 3208
4 6788
4 3427
3 16090
2 9215
4 16094
3 3185
4 12657
2 4569
2 6067
3 18352
3 10896
4 17317
3 9959
4 4428
3 10117
4 14847
4 14920
2 8678
3 14619
4 4384
4 7838
4 11818
4 9220
2 9169
3 5933
2 5882
3 8021
4 6017
3 426
4 16595
2 8114
3 4952
4 13665
4 11235
4 9951
3 11095
3 3485
4 1625
2 10673
3 11184
2 12210
3 7743
2 228
4 3500
2 17103
2 4007
3 4297
3 4786
4 11219
2 17994
4 2316
4 1290
4 15641
4 18988
4 16209
4 8494
4 12403
4 14884
4 3420
3 18623
4 9161
4 16998
2 13569
3 9869
3 6410
2 3516
2 18340
3 12840
4 17045
4 2924
3 18285
3 13746
4 4157
2 14200
2 13324
2 13888
3 19139
4 16829
4 10788
2 7444
4 15206
3 6446
3 17932
3 7700
3 1726
2 16173
2 539
3 5960
3 16893
2 15884
4 17991
4 4760
3 5970
3 6696
4 8660
2 3325
4 12807
3 6576
4 13971
3 19153
4 18417
2 2476
2 10546
3 1984
3 10554
4 981
4 15457
2 12749
3 18787
3 10705
2 14092
2 15731
4 1421
4 4506
2 3889
2 6006
2 17820
3 7472
4 9592
2 6251
3 13553
4 16449
4 16933
3 13976
3 18339
2 10839
3 159
3 10396
4 5120
4 11551
4 6136
3 2395
4 8243
4 7902
3 14684
4 11989
4 325
3 1585
2 17275
4 8532
2 18363
2 3679
4 5393
4 6388
3 13751
4 9021
3 7320
4 15205
3 7014
3 9940
4 6666
3 4448
2 3623
3 13432
4 14311
3 4612
3 14759
3 18499
3 13726
2 2803
2 7443
4 4065
2 9110
2 9120
4 5854
4 1960
4 2971
4 12950
4 10623
4 16614
4 14962
3 5991
3 8436
4 2615
3 4029
3 11907
3 18935
3 4068
2 16378
2 1514
4 18530
2 2407
3 14074
3 1179
4 4670
2 8809
3 2556
3 13140
2 1339
4 790
2 8375
3 13866
2 6422
4 9730
2 1815
2 11488
4 14766
4 10625
2 8315
2 17914
2 5910
2 18719
3 18085
4 8109
2 18824
2 4255
3 5047
4 16107
3 8323
3 14580
3 6385
2 10840
2 7063
4 13997
2 13057
2 5505
4 13218
2 10143
4 5109
3 10051
4 18192
2 7251
3 18211
2 18273
2 19168
4 116
4 9626
4 16864
3 8721
4 8161
2 4689
4 5936
4 11267
3 792
2 12472
2 11060
4 886
2 18839
3 6902
2 2333
3 5042
2 8251
2 5137
4 15231
4 5280
4 2368
2 9450
4 8884
3 839
3 9085
2 11263
4 2569
4 18057
2 18731
3 3526
4 17847
4 19020
3 604
2 6896
4 9803
4 17475
4 2700
2 6266
2 45
3 6211
3 2052
3 1592
4 11374
2 14115
4 18152
3 18524
4 13261
4 676
4 13120
4 3663
3 1838
2 18665
4 14506
3 7576
4 13741
2 8915
3 11937
2 16921
2 11610
4 6558
4 13946
2 5465
3 5358
2 12202
3 5954
3 7840
4 823
3 4090
4 10253
3 13840
2 4113
2 10240
2 8110
2 19172
3 3818
4 12681
3 15690
2 13926
3 1986
4 6000
2 1438
2 7705
4 13268
3 1414
4 10544
4 237
3 17603
2 8562
2 18951
3 15222
4 16180
3 11914
2 15439
4 878
2 6586
2 13367
2 15426
3 7955
3 17780
2 14639
3 17246
2 15508
3 78
3 19016
2 8984
4 5623
2 14826
3 13173
3 4010
2 2888
2 10996
2 2133
2 6579
4 7152
2 13104
3 5564
2 2074
4 8558
3 9087
2 7367
4 3878
2 13936
2 12454
3 13557
4 9434
4 16587
4 5625
2 7375
4 7302
4 9511
3 1232
4 14959
4 36
2 5261
3 17436
3 1859
4 5356
2 4150
3 17159
3 14698
2 8879
3 2366
2 7702
4 13568
2 16122
2 18259
2 13158
4 16006
3 12022
4 5228
2 4196
4 2672
3 6781
3 12901
3 2280
3 6956
2 14206
2 2916
3 2839
3 15700
2 17039
4 4627
3 3136
2 17275
3 7059
4 14960
4 19217
2 5597
3 4267
4 12192
4 3052
3 3015
4 17205
2 17900
3 14191
2 18071
4 2092
3 240
2 10150
3 13209
2 2750
4 17015
2 11704
2 10099
3 9367
3 11112
2 17707
3 5186
4 994
3 9250
2 740
3 10818
3 17556
2 12782
2 1960
4 8065
2 191
4 4847
4 2014
3 749
4 1749
2 11952
4 13316
4 3498
2 1597
2 6147
4 18292
2 2212
3 10696
4 7155
4 449
4 7044
4 1333
4 10328
3 4775
3 5855
4 16532
4 7333
2 9964
2 11958
2 4805
3 18755
4 16614
2 10474
4 2707
3 4745
2 6962
2 6162
2 3067
4 16206
4 3912
4 3538
4 10814
3 3234
3 7923
2 10812
3 18059
4 16707
2 8170
4 2753
2 2322
4 800
4 18516
4 9338
2 9064
4 62
4 8202
2 11544
4 15244
2 17100
2 6374
3 5761
4 13381
4 8396
3 17276
2 15825
4 1144
3 7084
4 16974
4 17190
4 6696
2 3035
2 3383
3 18712
3 12425
2 8721
3 5210
4 9450
4 10205
2 10970
2 8674
3 18290
4 3200
2 8096
4 7858
3 15935
3 10320
4 5695
3 3467
3 7937
2 3479
3 4272
3 7876
3 18694
3 6242
3 690
3 5388
4 1474
2 1132
2 18849
2 5236
2 15733
2 12017
4 277
3 19194
3 6648
3 6307
3 17534
3 8711
3 9511
2 4274
3 13890
2 11658
2 16180
2 13421
3 15122
3 11082
2 18867
3 10873
3 9575
4 15941
3 3623
4 2249
3 14900
4 6472
2 11251
4 7879
2 6139
2 16056
3 11316
4 3380
4 1065
3 1868
3 1439
2 1346
2 8367
3 15794
2 18451
2 7763
3 17068
3 18793
4 807
3 15360
2 3487
4 1313
3 14019
4 8574
3 12629
2 4217
2 4037
2 5245
3 6432
3 12143
4 2339
2 4633
2 16603
2 4442
4 12355
2 9014
4 17420
3 17937
4 17488
4 5607
4 18604
3 11688
2 5177
3 18400
4 14110
4 5746
3 2726
3 15587
4 15809
2 4625
3 16418
3 9666
4 16194
2 531
4 10114
4 13881
4 4530
3 17523
2 13418
3 8655
3 3481
3 14379
3 5825
3 12856
4 19178
4 419
2 4330
3 1037
4 3588
2 14552
3 12619
2 18633
3 13429
3 15597
4 15554
4 12694
2 8672
4 1526
2 7037
2 14891
3 13120
2 6079
2 4189
2 3028
3 13784
3 10639
3 19089
4 5110
3 7507
3 9081
4 3195
2 1595
3 4838
4 6322
4 3030
4 18729
3 15799
4 3138
2 10341
4 8988
3 15203
4 1472
2 5141
4 18233
2 12101
3 16781
4 13863
4 8924
2 428
3 17277
4 18429
2 16333
4 10380
4 12522
2 10949
2 16250
4 15355
2 7025
3 15811
4 13678
2 6835
4 6265
4 15041
3 4200
4 8886
2 6295
3 2690
4 8923
4 5383
4 8812
3 745
4 9375
2 285
4 4309
2 3832
2 12430
3 7640
2 11689
2 18923
3 3470
2 7484
4 12993
2 14116
3 14579
3 3040
4 15818
4 14036
4 341
3 3339
3 5516
4 15864
3 7118
4 14019
3 17524
4 9758
3 3866
4 9714
4 14805
2 13563
2 11810
4 11755
4 16608
3 10924
3 3432
4 4088
4 6787
3 10747
4 10910
2 15506
3 14953
2 13462
4 1116
4 15162
2 3522
2 19001
2 12849
2 15796
2 12404
2 14036
3 4459
3 6803
4 13189
3 1989
3 3374
2 4806
2 18932
4 3261
4 8719
3 8598
3 3266
3 11003
4 13820
3 17005
4 7234
2 16639
2 11028
2 9467
2 9178
3 10045
3 2786
4 17003
2 3513
3 5801
2 17693
3 16349
2 14008
4 9793
3 45
4 8513
2 19223
3 18307
4 13500
4 621
2 17856
3 8639
3 1174
2 1628
4 10298
3 3247
3 16045
4 1261
2 11452
3 7069
2 8980
2 17655
2 15984
3 1492
4 1415
2 18233
4 10882
3 14230
3 13295
4 11844
2 18923
4 17161
4 12728
2 10268
3 7288
2 9268
3 13939
2 2818
2 11892
3 3824
2 18
3 15173
3 7310
3 16666
2 12473
3 16682
3 5542
4 18385
2 11945
4 17379
2 2493
3 7290
3 7281
2 17799
2 5576
3 8109
3 13194
3 11946
2 9556
3 4251
3 11199
4 6405
2 16378
3 3131
3 18517
4 14552
3 7032
3 4345
3 8978
2 12808
3 6725
4 10602
4 10040
3 14017
2 9660
3 3353
3 11895
2 15933
3 19169
4 16483
4 19231
4 17169
4 14959
2 4269
4 12300
3 11739
3 1361
2 8847
2 7682
3 64
2 11091
3 6274
3 10900
4 13929
4 8904
2 11660
3 7318
4 1482
3 4111
4 10501
4 13532
2 10928
4 18445
4 1004
2 1469
3 19032
2 16237
4 4324
2 14768
2 581
3 4440
3 1520
2 16456
3 15866
3 12470
3 13192
2 16696
3 9723
2 4904
3 16238
4 10303
3 2033
3 6168
4 5515
3 12674
2 8304
2 13409
3 12501
2 3684
4 15517
4 18234
4 15855
2 12529
4 5178
2 12221
2 9020
3 17282
2 16804
3 138
3 14353
4 12407
3 2150
4 3710
3 16277
3 3295
2 2450
4 16259
4 1666
4 10383
2 483
4 6862
4 3909
3 705
4 9416
4 17155
2 6237
4 7364
3 2906
3 6833
4 2570
2 16187
2 5503
3 277
2 2989
4 5862
3 11151
3 8117
2 14062
3 404
3 12251
4 14897
2 17659
4 223
2 3014
4 13581
2 12540
4 12953
2 13985
2 5858
2 5
2 4490
2 17872
2 6802
4 9381
3 4968
4 6569
4 16564
2 13912
3 15238
2 16121
2 8602
3 16107
2 4301
2 2152
3 17252
2 13698
2 14553
2 14765
3 10840
3 14688
3 9773
4 13838
3 8942
4 11514
2 17906
4 18571
4 18306
3 13060
2 10300
4 15809
4 6347
2 17996
3 8017
2 5021
4 2313
4 1071
3 7376
3 12166
4 8023
4 5794
3 5045
2 13920
2 4545
3 5517
2 3492
4 17266
3 651
2 5301
2 3358
2 3468
2 6837
3 18112
2 979
2 13497
2 5617
3 16619
4 11346
4 15916
2 4622
4 14625
2 6534
4 10213
4 1098
2 10292
3 16697
2 414
2 2704
2 13222
4 13118
4 6371
3 17763
2 14453
2 6684
3 3577
4 4260
3 3291
3 15878
3 11093
2 4145
2 3675
2 16468
4 11325
3 15187
3 17013
2 156
2 17579
4 11101
4 15291
3 4487
2 7796
2 2381
2 824
4 5071
2 9509
3 9294
3 10534
2 8065
3 1403
3 6862
3 1374
3 16279
2 12836
4 17106
2 13924
3 8431
3 15667
2 17118
4 6627
3 7061
3 9834
2 1232
3 4565
4 10524
3 6122
4 5395
4 9071
4 5114
4 3932
4 6324
3 991
4 18448
4 13097
3 18484
4 1407
2 16244
4 6819
2 15721
3 12273
2 19197
4 10498
4 557
3 15278
2 11329
4 1329
3 10890
3 7360
4 9711
3 2310
3 6535
2 19142
2 12596
4 8585
4 9663
3 3160
3 17720
4 11506
3 8203
3 16104
4 4210
4 4528
3 7365
3 11382
2 17257
3 10731
2 18576
2 5016
4 4460
3 12905
3 10268
3 4951
2 4225
4 253
2 5498
2 186
3 13200
3 14629
2 15255
3 2156
4 8974
2 18750
2 350
4 14489
3 11578
2 10052
4 9849
2 18336
2 3285
3 14276
3 14422
4 4960
4 3049
3 13398
3 6189
3 10774
2 2748
2 3447
2 9404
4 14327
3 8305
4 7537
3 13414
2 12869
2 18674
2 15149
2 2249
3 6756
2 13334
2 1953
3 11507
3 6636
2 17655
2 10363
4 3678
2 1892
4 17947
2 16213
4 473
2 1281
2 14243
4 12778
3 3613
2 4543
4 6249
4 3536
3 13944
3 7553
4 4134
4 10147
2 16425
4 13323
4 1513
4 5372
2 12203
3 5886
3 15096
2 16599
3 12803
4 13844
4 10225
4 9281
2 9605
2 10721
3 2300
3 4422
2 14534
4 4602
4 4453
3 4247
2 3372
2 5100
2 15559
3 14153
4 13754
4 10593
4 12470
4 16876
2 9815
4 1334
4 11199
3 3101
3 4638
4 8494
2 3284
4 20
3 6757
4 8796
3 18706
3 3715
4 2161
3 11423
2 8085
2 6367
2 2657
2 19127
4 16963
3 10759
4 18361
3 16860
2 4832
4 7932
3 1134
3 2498
2 16086
2 8563
3 9850
4 3507
2 4089
3 2808
2 15381
3 10565
3 8804
4 19101
2 7785
2 9073
3 11596
3 4250
3 8873
4 18782
2 6181
4 5456
3 14075
3 105
3 17077
4 6737
2 16596
4 3155
2 13866
4 19162
2 18742
3 15315
2 18333
3 2534
3 1253
2 10506
3 13624
3 15343
4 12140
2 13367
4 423
3 1154
2 2013
3 17949
4 16480
4 2968
3 4941
2 18670
3 1299
4 19000
4 265
2 3459
3 4946
3 8646
4 8608
2 16779
3 17254
4 16479
3 17118
4 5579
3 17426
2 3221
2 17077
4 14708
3 16805
4 11611
3 18255
2 15593
3 7637
3 7022
2 14712
2 13270
4 16786
3 12582
3 14501
3 12106
2 18710
3 17681
4 3744
3 4262
4 8014
2 13554
4 4327
4 11694
4 13120
3 12060
3 10580
2 702
4 10532
2 3570
3 15728
4 4660
3 18973
4 10711
4 17957
4 5532
4 1275
2 5679
4 3999
2 9019
2 5364
4 12881
4 11013
2 4892
4 13325
4 12600
4 5912
4 7816
4 10192
2 11402
4 6854
3 12781
2 9514
2 8396
3 12059
2 12261
3 18269
3 5786
3 11859
4 3039
4 17628
2 2940
2 11512
4 14490
4 4343
2 12426
3 2033
4 14690
4 3951
2 1717
3 19155
4 10602
2 7084
3 10979
2 5300
4 3675
2 6515
3 6223
4 2668
4 10380
2 9791
2 14399
2 16792
3 7515
3 16751
3 19118
3 18576
2 9407
2 13715
4 18261
4 5179
2 12033
3 4274
4 11836
3 14553
4 570
4 10683
3 461
2 11747
3 11781
4 3855
4 6174
3 16749
3 16297
4 9434
2 17700
4 13902
2 10551
4 4369
3 3574
2 7440
2 5614
3 1288
2 6308
4 19041
4 5138
2 2750
4 13791
4 366
4 2377
2 7194
3 11599
3 9821
4 4780
3 7708
3 2843
4 9810
3 2439
4 2056
4 11526
3 8559
4 11813
2 1817
4 8412
4 11587
4 18849
2 14482
3 9823
3 7515
3 10679
4 17958
4 1735
3 6057
2 3270
4 162
3 2892
4 14603
2 10272
2 1267
2 7431
3 13817
3 3560
3 14799
3 15224
2 4452
4 8904
3 5209
2 18221
3 6273
2 15433
2 18918
2 3142
2 6045
2 16090
3 272
4 9819
4 4399
3 17587
2 18972
2 1767
4 11216
2 4542
4 15095
2 1756
2 19015
2 3743
3 4178
3 15219
3 2928
2 16046
2 10611
4 4584
3 6036
2 12111
4 1220
3 14562
4 4093
4 3744
2 7674
3 13870
4 688
4 1303
3 11393
4 14324
4 8117
4 12711
2 19155
3 12725
3 19209
4 10836
4 15717
2 15889
2 8593
3 10600
3 11065
4 7593
3 12603
4 10312
4 7479
3 18912
4 12954
2 6337
2 10532
3 10401
2 9965
3 1550
3 61
2 16942
2 16116
4 2219
2 16191
3 7592
2 13802
2 949
4 16212
4 6489
3 16185
4 13508
4 6582
3 7743
4 1665
3 6253
3 14477
3 642
4 17055
3 13025
2 6552
4 12564
4 6855
3 14949
3 5827
3 18267
3 5379
3 16859
4 7823
2 5404
3 2723
2 3494
3 5899
3 5543
4 12173
2 9274
4 8161
4 12516
4 18383
2 2422
3 16696
4 19086
3 11366
4 1109
4 11567
3 7704
2 9544
3 6923
2 14459
2 3486
3 15151
2 9315
2 18449
2 10681
4 9704
3 14042
2 13317
3 4374
2 21
2 19016
3 7402
3 3788
4 4014
4 11147
3 14344
4 6512
3 9067
4 9780
3 3755
2 566
3 17167
2 7470
2 5483
2 5743
3 7634
4 5164
4 18517
3 9631
2 6211
3 15888
4 14873
2 10492
4 16031
4 14728
4 17718
2 18524
4 6227
3 18762
4 19032
3 5501
3 2197
2 14684
2 8505
3 6652
3 14154
4 7043
4 9074
3 1354
3 9777
2 7257
2 13058
2 3446
4 12030
4 16474
4 12746
4 17149
2 6821
3 16140
2 7907
2 6675
4 5219
2 19082
2 2287
2 18772
3 19001
4 3481
4 9236
4 13447
3 11825
3 12396
2 7763
3 2588
4 13332
4 8675
4 1664
3 14353
3 13666
4 18385
3 15898
3 1437
2 7724
4 6162
2 10191
3 2620
4 7630
2 7252
4 5895
3 6997
4 3869
2 12706
3 18308
4 3151
2 15752
3 11679
3 4320
3 17952
3 8884
3 12637
2 19068
4 16232
3 9423
3 83
3 16842
3 5074
3 12174
3 18590
2 18363
2 4629
3 7456
3 1882
2 7521
2 18743
3 7018
3 14073
3 7448
3 7648
4 5650
4 6543
2 16024
2 1303
2 4933
2 16027
3 6213
3 2176
2 5936
2 1626
2 1791
4 11688
3 6088
2 9277
3 18406
4 8231
2 3853
4 16310
4 4144
2 8089
3 18794
4 13142
4 4539
3 5602
2 3140
4 573
2 6866
3 5999
4 9623
3 9838
4 1707
4 10002
2 7900
4 6474
3 14735
4 18599
2 18494
3 4427
3 50
2 9448
3 18649
2 754
3 11653
4 15427
2 18802
4 1341
4 5092
2 9744
3 6613
3 688
3 102
2 10091
3 7655
3 14968
4 7654
4 6815
2 6722
4 2675
3 10497
4 8156
2 3780
4 8216
3 4265
3 13533
2 18308
2 13696
3 17222
2 9226
4 3835
4 15135
2 2925
2 1741
3 4452
2 5365
3 16821
2 10493
3 9161
4 5322
4 4524
3 6701
4 16630
2 6992
2 5580
3 2358
3 9815
2 17179
4 1457
3 12451
4 3061
2 10679
4 7942
2 16299
4 11313
2 122
4 7115
2 1842
2 9612
4 14663
3 17076
4 6806
2 4107
4 18143
3 14907
2 16149
3 6313
2 9793
3 14585
2 3633
3 11634
2 7970
3 11011
2 13763
4 8986
3 17743
3 18087
4 10176
3 3495
2 8803
3 12849
4 620
2 17961
4 9554
4 10888
2 5384
2 2394
3 3529
4 13593
3 17160
2 9886
2 18668
3 4061
2 13063
2 10799
4 13016
2 8971
4 5785
3 13193
3 6671
4 14903
3 9227
4 13281
3 1616
3 16506
3 1643
3 2623
4 9015
3 15957
2 7544
2 5077
2 16991
3 16231
4 13765
4 6366
2 15431
3 2197
2 18342
2 10955
4 15002
2 11591
4 15949
3 17211
4 12141
2 3249
2 4779
2 8789
3 19027
3 4239
2 13092
4 12920
3 11920
2 1826
2 10426
4 17384
3 15483
4 6275
4 11348
2 4707
4 95
3 13317
2 11658
4 18497
2 18728
3 775
3 11569
4 18237
3 8921
3 10606
2 238
4 675
3 11233
3 4673
3 8536
3 7353
3 15433
2 9066
3 575
2 7887
4 5405
2 11169
3 16563
2 13373
3 11217
4 16982
3 1933
4 419
3 2601
3 9829
3 18555
2 15996
2 17335
4 4338
3 14716
2 1112
3 1030
4 3200
3 12189
4 12114
2 10886
4 1579
3 18670
3 18325
3 8873
3 4395
4 2899
3 5650
2 3903
4 8461
4 18644
3 16661
3 10439
4 14712
4 1266
3 16919
2 19213
2 18322
4 19134
2 768
2 17912
4 1513
3 3829
4 4898
3 3324
2 2568
2 18346
3 18412
3 15132
3 1521
2 6571
3 16261
4 18858
4 14921
3 4639
4 9634
4 7254
3 11515
2 1583
3 1509
2 9338
2 17014
3 17896
2 13034
4 9785
4 457
3 1876
2 17469
4 13940
4 18585
4 12413
2 8761
3 6387
2 4165
3 5515
3 9289
3 16203
2 10162
3 2408
4 7971
3 14951
4 4187
3 42
4 18679
4 6108
2 11912
4 12059
4 2005
3 2320
2 15788
3 12926
2 18740
3 8227
4 16017
3 5121
2 2858
4 7455
3 19139
2 1375
2 5928
2 1920
4 6755
3 11556
4 12301
3 5181
3 11640
2 2276
2 16760
3 9379
3 14063
2 4269
2 14733
2 14196
2 8739
3 7888
3 3797
4 6222
2 14654
3 1481
4 12755
3 1599
2 12085
3 5384
4 574
2 433
3 12451
4 2420
3 7356
3 2676
3 5412
4 9577
2 6174
3 10377
4 7852
4 5753
3 2362
3 293
2 17895
2 18410
4 10381
3 10131
3 7755
4 9161
2 12434
3 6990
3 15453
4 16844
2 3262
4 4873
2 806
4 1252
3 4844
2 19045
4 5085
3 8730
2 13915
2 4720
2 10210
2 10697
2 13963
4 2837
4 5855
4 16598
3 13768
2 16222
3 7579
4 360
3 10341
2 6015
3 1153
2 1836
3 14646
3 620
4 10724
3 12270
3 17639
2 1759
2 14773
4 14019
4 12265
4 10812
4 17177
3 828
4 8642
2 8671
2 8388
2 6304
3 130
3 12370
3 8826
3 15858
2 6213
4 10284
4 17657
3 804
2 10436
4 2595
3 11169
3 18827
2 4574
4 10144
4 12319
3 11407
2 15701
2 1989
4 9893
4 14752
3 17340
3 15568
4 2811
2 3221
4 12433
3 7101
3 6077
4 6071
3 18165
4 1225
3 3582
3 3570
2 16352
3 1398
4 8862
3 2156
2 13154
2 18061
2 2312
2 17780
4 2037
3 16331
4 13893
3 3866
2 10552
2 15601
2 7807
3 13660
4 10702
3 12666
4 13383
3 1124
2 9477
2 1681
2 14253
3 14576
3 7644
4 6856
4 15912
2 2612
3 2207
3 2283
3 1821
3 916
3 1514
3 5025
3 9121
3 13451
4 14146
2 18240
2 12741
3 18304
4 17278
3 14632
2 16092
3 16822
4 4008
4 12827
2 11329
4 9999
3 1066
2 13388
3 2905
4 18978
2 930
3 18298
4 18454
3 3746
4 14104
4 3075
4 11740
2 18105
2 11703
3 18121
4 1618
4 11792
2 10948
2 18673
2 8015
2 16449
3 13935
3 11624
3 1274
4 16532
3 14647
4 4714
4 12
3 9425
3 8
4 10028
2 10315
2 16894
2 8013
4 1080
4 18632
3 8703
2 3402
2 8538
4 16037
4 9023
4 8675
4 1653
3 783
2 7159
2 13450
2 15718
2 15432
4 5803
3 8241
4 1242
4 5309
3 6294
4 13763
4 15055
4 12035
2 7096
2 10621
3 1834
3 17752
2 17184
4 10638
2 13088
4 6735
2 7992
3 12443
4 16448
3 18617
4 13891
2 10065
3 11497
4 16390
4 5829
3 4148
3 8908
3 666
3 10930
3 16294
4 9766
3 8391
4 11607
2 13974
2 17917
3 14846
3 18390
4 9659
2 9524
2 4400
2 2345
4 1488
4 12873
3 9436
4 4491
3 1415
4 1649
3 6695
4 18760
3 2874
2 10710
4 9126
3 1435
2 6118
4 5770
3 9954
4 14968
2 9362
4 7917
4 10108
3 11841
3 45
2 9302
2 12961
3 1569
4 18144
3 16246
2 13995
4 5908
2 17541
2 5613
2 16642
3 14387
3 9125
3 13401
3 17938
4 17549
2 2108
2 18906
4 11645
4 14698
4 8356
2 430
4 11283
4 4870
3 14390
2 12486
3 18651
3 8720
2 17905
4 16396
2 9329
3 4507
2 11959
3 4430
3 10952
3 2295
3 4380
4 13063
4 18026
3 10001
3 14172
3 9082
3 16594
3 423
2 17630
3 15390
4 8014
2 10052
4 1805
3 2930
3 3665
3 19076
4 7858
3 15470
2 1507
2 16976
3 11599
2 18960
3 1502
3 8809
4 13765
4 16703
2 10519
4 17857
4 6549
4 1518
2 16069
2 5897
4 15327
2 2948
4 5835
4 7223
4 3828
2 4109
2 3291
4 17383
3 14240
4 17971
4 14554
2 18352
2 6807
4 7488
3 15037
3 16436
4 15520
4 3343
3 7690
2 18256
3 14280
2 14435
4 8319
3 17
4 18513
3 9473
3 3011
4 9697
3 2777
3 8700
3 10517
4 7020
2 16233
2 9003
3 3614
2 11829
2 7727
2 5733
2 1710
2 5672
3 2117
4 18301
2 18954
3 8575
2 18440
3 14711
2 2164
3 2764
2 8755
4 6259
3 15940
4 17352
4 4134
4 606
3 11679
2 4110
2 824
4 6334
2 16239
2 8821
4 285
3 17121
2 3238
4 4813
3 2922
4 16701
3 12932
4 7825
2 5111
3 2085
4 2515
3 770
2 2075
2 3148
2 17961
4 17305
4 11681
4 5627
3 4471
4 15142
3 9227
4 6849
4 3512
2 12546
2 10338
2 15304
3 10097
2 15269
4 13357
3 2047
4 7077
3 9549
4 9389
3 1323
4 11667
3 4869
4 7865
3 3927
4 10841
2 18888
2 17096
3 13092
4 270
2 11076
2 12700
3 17384
3 9150
4 17343
4 19006
3 12632
3 10567
2 13345
3 1690
4 8758
3 9488
2 4026
2 5377
4 2083
3 8809
2 13913
4 114
4 10797
3 3560
2 12693
2 9684
4 16173
2 10331
2 18767
2 12996
3 16830
3 4359
2 12092
3 9118
4 14587
3 297
3 17298
3 10669
3 4442
4 9933
3 2742
4 17259
3 16897
3 8118
3 17787
2 9521
3 10798
3 8882
4 9305
2 14970
4 3839
3 613
2 4886
3 7131
2 3405
3 14712
4 11602
3 8154
2 15014
2 1673
3 6700
4 6628
2 18284
4 18217
4 15846
3 13054
3 11546
2 16558
3 12482
4 18547
4 15879
2 13897
2 19014
3 6384
2 17495
4 4397
4 6193
2 4728
4 10163
2 11799
2 3669
2 5491
4 15885
4 1311
4 14741
3 11625
2 4552
4 6553
3 9118
4 12995
3 13597
3 3004
2 4516
2 11323
3 17799
2 2212
2 5488
2 663
2 7562
4 11730
2 724
2 12838
4 1818
2 6346
4 8045
3 10541
4 9279
2 4554
3 280
4 8356
2 16617
4 8273
3 14820
2 18106
4 7919
2 14503
3 14034
4 4914
3 2830
3 8356
2 12272
3 15268
3 2778
2 8775
4 18368
2 2100
4 2768
3 15112
2 2569
2 467
3 17251
3 5079
4 13216
2 12211
2 5371
2 1377
4 2749
2 2146
2 4082
3 4047
4 15019
3 2310
4 368
3 9716
4 14994
2 13517
3 14059
4 8544
4 10551
2 14776
3 14825
4 16697
3 9467
4 15065
4 16317
4 6767
3 15022
3 10024
2 6914
4 8917
2 13320
4 6006
4 3886
3 14946
3 263
2 3663
3 17661
2 5546
2 718
2 8203
2 9664
2 6378
2 12332
4 18043
2 6752
2 4078
3 16262
4 6099
2 7861
3 5957
3 2652
3 7991
3 5985
4 1257
4 17564
4 5493
2 18668
4 12540
4 11042
2 16253
3 5837
4 4170
3 17430
2 1085
4 14336
2 10598
4 3084
2 18822
3 10063
4 14248
3 10366
3 14603
4 17270
4 10953
2 1868
2 6153
4 4661
4 10511
2 15960
2 5340
3 14850
4 7227
3 7795
4 10052
3 17326
2 6312
4 11584
4 13223
3 4627
4 16034
2 4740
2 11106
2 12976
3 12679
3 1096
3 4913
2 1325
2 12993
2 885
3 16099
4 11976
3 6633
2 4698
4 1257
4 14401
3 11295
3 3868
4 16894
4 13003
3 13748
4 5299
4 17200
3 7321
3 18085
4 13678
2 12630
2 14807
3 3905
2 6223
2 7205
2 13514
2 8162
4 5464
3 3675
2 7289
3 13180
2 12630
4 1692
2 1220
3 18214
3 3947
3 12253
4 14967
3 2822
2 942
3 9765
3 12476
2 9707
2 9875
4 13021
3 11943
3 13116
2 10359
2 2652
3 12800
2 18788
3 9375
4 18833
2 6358
3 18495
2 18696
4 8866
4 16293
2 9775
4 493
3 195
2 5283
4 12325
3 1657
3 6132
2 5112
3 16947
4 3223
3 18827
2 5934
3 18604
3 925
3 4133
2 7745
4 13246
3 17671
4 10810
2 9927
2 51
4 9748
3 14977
2 18351
2 14845
7
